1000 10
0 32
0 96
0 1
0 2
0 19
0 4
0 22
0 12
0 380
1 5
1 486
1 29
2 3
2 211
2 36
2 6
2 599
2 124
3 16
3 784
3 417
3 197
3 13
3 319
4 256
4 8
5 33
5 7
6 9
6 10
6 394
7 17
7 114
7 679
7 42
7 266
8 258
8 338
8 228
8 639
9 80
9 99
9 37
9 760
9 872
10 149
10 165
10 11
10 252
10 14
11 180
11 151
11 152
11 57
12 849
12 66
12 195
12 520
12 27
13 51
13 339
13 68
13 38
13 15
13 303
14 21
14 181
15 18
15 115
15 824
15 138
15 988
16 568
16 28
17 770
17 373
17 487
17 24
17 218
17 330
18 81
18 59
19 64
19 161
19 20
19 40
20 39
20 88
21 23
22 336
22 150
22 55
22 142
23 357
23 73
23 109
24 67
24 54
24 25
24 202
25 52
25 133
25 71
25 26
25 78
26 225
26 649
26 490
26 155
26 958
27 34
27 35
27 454
27 267
27 172
27 364
28 274
28 324
28 41
28 137
28 44
29 128
29 89
29 30
29 31
30 305
30 246
31 162
31 91
31 79
32 355
32 803
32 329
32 75
32 365
32 63
33 209
33 50
33 277
33 230
33 187
33 140
33 62
33 94
34 144
34 160
34 49
34 385
35 920
35 58
36 83
36 757
37 93
38 56
38 232
38 43
38 318
38 47
40 146
40 982
40 247
40 168
40 46
41 608
41 451
41 423
41 201
41 221
41 174
42 48
42 514
42 173
42 381
43 656
43 60
43 45
44 97
44 157
45 53
45 188
46 122
46 123
46 139
46 235
47 185
48 65
48 260
48 121
48 61
48 351
48 495
49 84
49 666
51 177
51 82
51 131
51 779
52 70
53 466
54 805
54 680
54 332
54 95
55 481
55 101
55 366
56 738
56 734
57 452
57 342
57 503
57 74
57 651
57 92
57 77
57 557
57 446
58 402
58 103
58 200
58 171
58 461
58 111
59 999
61 675
61 269
62 512
62 164
62 69
62 646
62 76
63 193
63 85
63 519
63 585
64 100
64 214
64 90
65 129
65 203
65 143
66 229
66 72
67 166
67 360
68 389
69 647
69 717
69 254
70 596
70 315
70 126
71 102
71 120
71 154
72 930
72 916
72 87
73 119
73 105
73 987
74 179
74 473
74 106
74 620
75 690
75 421
75 199
76 301
76 110
76 399
78 407
79 403
79 548
79 134
79 840
79 107
79 811
80 112
80 352
80 356
80 998
81 261
81 125
81 127
82 113
82 434
82 383
82 415
83 98
83 116
83 440
83 523
83 812
83 654
83 175
84 178
84 388
84 825
85 370
85 86
85 938
86 145
86 231
87 207
88 526
89 400
89 299
89 204
90 117
91 699
91 525
91 367
92 104
92 940
93 310
93 108
94 291
94 205
96 278
96 489
96 604
96 238
97 325
97 182
98 167
99 785
99 184
100 148
102 130
102 244
102 255
103 135
103 814
104 240
104 808
104 314
104 542
104 606
105 163
105 901
105 358
105 248
105 268
106 802
106 681
107 224
107 507
108 464
108 118
108 141
109 169
110 198
111 492
111 350
112 263
112 220
113 623
113 895
114 295
114 575
115 242
115 834
116 216
118 371
118 516
118 789
118 158
119 515
119 132
120 192
121 804
121 233
121 249
121 159
122 288
122 368
122 477
124 709
124 262
124 393
124 170
124 250
124 876
125 136
127 635
127 413
128 672
128 194
128 296
128 475
129 374
129 470
129 793
129 509
130 851
130 671
131 384
133 659
133 745
134 869
134 156
134 429
135 563
135 237
136 453
136 363
136 911
139 147
139 611
139 842
140 294
140 186
141 848
141 153
141 543
142 610
143 480
144 206
145 196
145 665
145 219
146 346
146 189
146 222
146 191
147 284
147 668
148 420
149 281
149 782
150 408
151 657
151 226
151 925
151 223
152 530
152 265
153 441
154 484
154 183
155 190
156 482
156 919
157 215
159 212
159 727
159 750
160 832
160 287
161 800
161 210
163 227
163 293
163 286
164 337
165 176
165 362
166 786
166 313
166 270
167 692
167 479
168 276
168 298
169 304
170 208
170 395
172 416
173 698
174 577
174 234
175 213
175 217
175 457
176 343
177 900
177 327
179 245
179 550
179 382
180 386
180 605
181 975
183 369
183 306
185 640
186 241
186 754
186 792
186 826
187 307
188 396
188 239
189 290
189 729
189 411
189 478
190 965
191 735
192 450
193 272
193 322
193 456
198 387
198 469
198 970
198 926
199 335
200 600
201 392
201 251
202 282
202 460
202 927
203 946
203 777
203 491
203 795
204 609
204 458
205 409
205 956
206 375
206 444
207 561
207 498
207 316
208 944
208 827
209 236
210 312
210 712
211 664
212 257
212 707
213 344
214 354
214 857
214 285
215 720
215 347
217 472
218 595
218 617
218 732
219 398
220 418
220 292
221 625
221 279
222 283
223 308
224 243
224 437
226 317
226 271
227 302
228 737
228 309
228 431
229 616
230 273
231 538
232 501
232 379
233 419
233 841
234 467
234 264
236 468
236 861
238 961
239 571
242 259
242 953
242 447
242 783
243 858
244 629
244 903
246 391
247 345
247 697
248 275
248 253
249 584
252 328
253 676
254 404
254 660
254 390
254 589
256 915
257 311
258 353
258 775
260 289
260 710
260 297
261 443
261 941
262 641
262 891
263 688
263 643
263 693
263 378
264 546
264 537
264 572
265 626
265 854
265 349
265 655
266 348
267 885
268 372
268 985
269 622
270 612
271 774
272 331
273 524
273 700
274 673
275 913
276 326
276 822
276 951
277 401
277 359
277 652
277 813
279 725
279 280
280 341
283 422
285 541
286 632
287 448
287 980
288 788
288 334
289 852
290 426
292 914
292 340
293 549
293 445
296 333
297 323
299 564
299 683
299 300
299 797
301 902
302 630
302 890
302 943
304 704
304 455
304 603
305 321
307 405
308 483
308 821
309 376
309 573
311 644
311 540
312 963
313 432
313 442
313 638
313 942
315 977
317 493
318 320
318 886
321 361
322 570
322 669
323 719
329 485
330 870
331 686
333 522
333 847
335 658
335 771
336 743
337 598
337 663
338 763
339 801
339 471
339 908
341 474
341 906
342 562
344 551
344 397
346 896
347 488
348 574
350 566
352 894
353 529
353 545
355 984
355 587
356 377
356 954
357 534
359 430
361 580
363 494
366 497
366 547
366 695
367 425
369 508
370 642
372 535
374 846
376 556
376 414
377 631
380 702
382 862
383 897
383 532
384 578
384 559
385 607
386 406
386 476
387 918
388 521
389 856
389 810
390 696
391 552
392 439
393 435
393 499
395 533
395 601
395 591
396 505
399 593
399 581
400 513
400 613
400 888
401 410
402 436
402 424
402 873
403 667
405 412
406 618
407 428
409 544
409 682
410 553
411 510
412 504
412 762
413 736
413 433
413 502
415 749
418 983
418 427
418 685
418 463
419 674
421 438
421 459
422 496
422 989
423 722
424 567
425 728
426 653
427 449
428 687
429 677
431 689
433 831
435 462
438 662
440 554
445 594
446 996
448 536
449 684
449 511
450 867
450 650
451 835
456 739
456 518
457 934
457 586
457 634
458 531
458 853
459 465
460 864
460 726
461 528
463 752
463 874
466 670
467 628
467 602
468 558
469 691
470 582
470 973
472 884
474 576
474 614
475 627
476 794
477 933
478 565
482 899
482 761
483 855
484 500
486 968
489 714
491 960
491 837
496 506
497 517
497 583
498 753
499 560
501 992
501 716
501 701
502 893
503 733
505 820
509 928
511 597
511 703
513 527
515 836
516 539
519 708
520 747
521 994
521 974
522 741
522 744
522 877
526 945
528 648
529 904
531 807
531 780
532 615
533 740
534 706
534 838
537 588
538 569
540 768
542 624
544 790
545 907
547 889
548 636
549 830
550 937
550 555
552 756
552 923
553 931
554 633
555 949
556 936
563 758
564 778
567 723
567 964
569 678
570 986
572 748
575 772
577 833
577 579
578 764
582 590
588 592
588 730
589 621
592 829
594 637
594 910
595 711
597 850
597 799
599 865
599 845
601 957
602 718
603 955
606 868
606 731
607 882
610 645
610 715
613 619
614 816
614 878
615 705
616 721
616 818
616 746
626 866
626 883
630 742
630 924
633 871
636 767
637 817
641 981
643 843
649 898
651 661
654 948
654 892
660 932
661 796
663 766
664 759
664 809
667 880
671 755
674 997
675 694
676 769
676 881
680 875
688 863
689 922
696 828
698 995
700 713
702 724
705 781
707 787
711 798
715 773
715 972
725 751
727 921
731 823
733 815
734 967
735 991
736 947
741 962
743 776
747 929
748 806
749 993
749 879
752 765
762 791
764 819
767 939
769 860
793 971
803 887
807 969
818 859
825 979
825 844
831 966
832 839
835 952
860 917
864 950
874 935
878 909
902 912
903 905
903 959
956 978
960 990
973 976
346 582
338 412
810 658
691 757
138 79
779 755
270 123
931 923
496 230
427 507
