1000 10
0 1
0 2
0 36
0 804
0 11
0 43
0 556
0 175
0 18
0 468
0 26
0 28
0 510
1 17
1 6
1 895
2 3
2 4
2 70
2 104
2 120
3 5
3 229
3 7
3 8
3 137
3 10
3 61
4 434
4 547
4 632
4 9
4 251
4 991
5 38
5 135
5 440
5 127
6 50
6 23
6 520
6 25
6 12
7 16
7 116
7 21
7 246
7 522
7 124
7 31
7 703
9 580
9 108
9 575
10 34
10 420
10 375
10 27
10 171
11 368
11 20
11 807
11 13
11 14
11 159
12 114
12 469
12 121
12 249
12 106
12 15
13 112
13 19
13 324
13 58
13 940
13 29
13 493
14 224
14 210
14 203
14 267
15 22
15 971
15 109
15 879
16 168
16 42
17 564
17 134
17 41
17 73
17 89
17 170
17 269
17 350
18 97
18 67
18 24
19 65
19 162
19 39
19 156
20 80
20 357
20 142
20 79
21 77
21 62
21 78
22 100
22 123
23 64
23 154
23 139
23 284
24 35
24 515
24 69
24 122
25 32
25 40
25 169
25 956
26 484
27 163
27 133
28 682
28 30
29 33
29 257
29 88
29 136
30 592
30 220
31 277
31 150
31 141
32 225
32 68
32 37
32 841
32 413
33 192
33 554
33 47
33 799
34 84
34 132
34 166
34 605
35 418
35 51
35 232
35 235
36 48
36 147
36 118
36 422
37 113
37 209
37 197
37 918
37 247
37 840
37 76
37 63
38 57
38 44
38 941
38 46
39 107
39 524
40 263
41 49
41 66
41 204
41 45
41 719
42 160
42 52
42 72
42 125
43 624
43 119
43 253
43 111
44 145
44 850
44 245
44 396
45 161
45 885
45 105
45 301
46 369
46 198
46 765
47 130
47 71
47 408
47 74
47 635
48 99
48 54
49 82
49 662
49 56
50 144
50 497
50 290
50 404
50 53
51 576
51 609
52 321
52 181
52 182
52 298
53 98
53 86
54 306
54 261
54 55
54 87
54 75
54 460
54 126
54 366
55 60
57 912
57 265
57 716
58 432
58 341
58 59
58 91
59 322
59 853
59 296
59 90
59 282
59 926
61 326
61 470
61 525
61 238
61 239
62 164
62 167
62 188
62 862
63 102
64 177
64 242
64 370
64 709
64 103
64 199
64 311
64 201
64 367
65 356
65 728
66 244
67 724
67 585
67 362
68 196
69 83
69 901
69 230
70 995
70 286
70 638
71 340
71 295
72 323
72 92
73 498
73 85
74 128
74 517
74 789
74 153
75 151
76 231
76 732
76 94
77 354
77 747
78 993
79 96
79 81
79 117
79 172
79 110
80 208
80 359
80 250
80 315
81 101
81 743
81 216
82 373
82 344
83 721
83 93
83 173
83 846
83 143
85 947
85 152
85 461
89 496
89 528
89 465
89 407
89 95
90 597
90 183
90 695
90 473
91 361
92 720
93 689
93 131
93 532
93 157
93 909
95 559
96 768
96 178
96 489
96 140
97 382
99 146
99 830
99 191
99 975
100 608
100 193
100 403
100 773
100 745
100 383
101 138
101 446
102 217
103 700
103 190
104 256
105 725
105 297
105 553
106 258
106 115
106 823
106 568
107 675
107 803
107 809
107 219
108 933
109 186
110 304
110 573
111 539
112 509
113 275
113 534
115 252
115 205
115 829
116 149
116 222
118 129
119 176
119 629
120 738
120 184
122 226
122 802
122 211
122 165
122 876
122 365
122 526
123 213
123 285
124 626
124 329
125 273
125 433
125 228
126 640
126 318
126 654
128 930
128 316
129 202
131 878
132 148
132 248
132 155
132 174
133 158
134 200
134 223
135 254
136 530
137 448
137 260
137 345
139 487
139 346
140 259
140 233
140 636
140 751
141 314
141 763
142 334
143 241
143 818
143 443
144 215
144 279
145 817
145 310
145 653
145 639
146 240
146 967
148 707
148 502
148 330
148 187
149 976
149 714
149 302
150 328
150 237
151 760
152 581
152 327
152 236
152 380
153 206
155 179
155 280
155 333
156 856
156 828
157 566
157 986
158 485
159 409
159 303
160 336
160 194
160 227
160 798
160 207
162 972
162 637
163 645
165 391
165 584
165 479
166 677
167 572
167 317
168 214
168 347
168 847
169 544
169 864
170 586
170 923
171 180
171 189
172 449
172 870
174 355
174 835
176 416
176 292
176 294
176 395
176 543
177 332
179 723
179 519
180 697
180 349
181 656
181 529
181 550
182 705
182 212
183 185
184 658
184 478
186 882
186 234
186 890
187 288
187 456
187 715
188 455
188 731
188 843
189 195
190 578
190 500
190 262
190 685
191 499
192 962
192 472
192 766
193 387
193 548
194 320
194 838
194 679
194 376
195 704
196 291
196 598
197 283
198 372
200 425
201 379
201 527
203 507
203 348
203 399
205 504
206 960
206 402
206 808
206 271
207 513
207 831
208 272
208 722
208 726
208 844
210 278
210 621
211 462
212 339
212 627
212 855
212 264
213 659
215 453
215 218
215 221
215 429
216 480
216 946
216 570
217 386
217 812
218 842
218 623
219 869
220 305
221 293
221 646
223 364
224 385
224 363
225 337
225 884
225 325
225 360
225 270
226 243
226 503
227 652
228 319
228 335
230 577
230 268
230 476
231 309
231 781
232 746
232 300
232 415
233 384
235 492
236 676
238 867
238 661
238 663
238 508
239 588
240 451
240 644
240 854
241 352
242 400
243 452
244 338
244 555
245 274
245 744
245 410
245 650
246 266
246 783
248 299
249 289
249 255
250 342
250 281
251 412
254 880
255 353
255 276
255 837
255 614
256 377
257 788
257 591
258 917
259 313
260 405
261 934
262 536
262 427
264 459
266 483
267 389
268 312
271 287
272 438
275 706
275 394
277 897
277 647
279 401
279 406
279 557
283 381
284 538
285 866
285 619
286 392
287 531
287 750
289 618
290 615
291 371
291 671
292 411
293 457
294 678
295 307
296 579
296 351
297 533
298 687
300 563
300 872
300 891
301 713
303 426
304 308
305 428
305 477
307 858
309 481
309 398
311 730
312 825
312 331
313 601
313 442
313 506
313 414
315 628
317 758
317 886
319 937
320 419
320 343
320 378
320 474
322 978
322 454
322 902
322 607
325 674
325 437
326 741
326 702
327 641
328 888
328 922
329 824
329 495
331 358
331 424
331 655
333 833
333 873
333 447
335 549
336 445
338 865
338 693
340 475
341 963
343 871
343 620
345 603
346 939
347 708
347 565
347 793
347 815
350 657
352 562
352 786
352 374
352 444
352 748
353 393
354 969
355 994
355 488
356 463
357 464
357 790
358 670
362 594
362 734
364 388
366 467
366 681
368 516
370 834
370 574
370 511
371 801
371 535
371 664
371 494
372 698
375 431
376 857
376 430
378 560
378 794
379 390
379 423
383 466
383 612
384 421
385 482
385 397
386 435
386 441
386 458
392 931
392 861
394 977
394 776
395 417
395 984
396 633
396 749
398 863
400 727
400 552
402 752
404 736
404 589
405 558
406 813
407 945
409 690
412 949
412 551
414 436
416 811
418 501
419 755
421 985
424 471
425 518
425 999
425 920
426 523
428 667
428 540
429 961
429 599
429 935
431 569
431 780
432 666
434 439
437 805
440 710
441 596
442 450
445 490
445 767
449 512
450 684
452 951
452 537
454 606
456 486
458 954
458 796
459 521
461 775
461 892
462 545
468 561
469 546
475 696
476 769
478 688
478 491
479 820
480 505
485 567
485 810
485 622
487 927
489 582
490 800
492 756
495 981
496 617
498 613
498 541
499 514
500 932
501 686
502 691
502 542
506 900
506 600
508 982
510 571
512 634
513 887
518 795
521 683
522 762
524 924
526 742
526 827
526 590
527 883
530 593
533 668
534 757
537 610
538 625
539 587
540 733
544 787
547 952
548 642
548 950
550 938
553 643
553 699
554 611
554 979
554 669
558 903
559 739
561 660
561 648
563 602
564 583
564 974
567 649
568 816
568 595
568 692
568 711
568 777
569 616
569 893
573 821
574 904
577 772
577 729
578 774
578 826
581 673
581 859
585 604
586 839
593 990
598 915
601 996
606 771
610 942
611 712
614 852
616 680
617 651
620 968
620 778
623 970
624 988
624 717
627 630
628 631
630 832
630 875
639 819
643 868
644 881
644 694
644 806
644 907
645 845
646 849
647 672
652 718
655 913
658 770
659 899
663 791
664 665
666 779
668 860
670 764
670 973
672 906
672 877
673 980
674 992
680 965
688 759
688 735
689 928
691 753
693 701
699 953
703 848
703 910
705 740
705 894
708 737
709 784
716 983
716 792
728 782
730 836
730 916
730 943
739 814
749 797
752 754
752 936
752 761
755 874
772 959
774 785
778 919
785 851
791 948
792 955
796 914
796 958
799 957
803 966
804 822
806 896
806 925
807 998
832 898
839 908
840 911
861 997
862 889
872 921
889 987
890 964
896 905
901 944
908 989
913 929
400 516
215 618
631 529
163 765
334 479
627 902
292 150
326 439
948 216
161 961
