1000 10
0 1
0 2
0 40
0 408
0 121
0 74
0 31
1 162
1 930
1 36
1 38
2 82
2 3
2 4
2 8
2 333
2 158
3 6
3 12
4 5
4 565
4 7
4 59
4 319
5 724
5 247
5 105
5 10
5 27
5 75
5 44
6 96
6 99
6 116
6 233
6 11
6 156
6 45
6 237
6 30
6 238
7 192
7 19
7 9
7 89
7 14
7 350
8 86
8 823
8 586
8 155
8 13
8 157
9 91
9 62
10 16
10 32
10 17
10 28
12 33
12 641
12 18
12 83
12 727
12 329
12 15
13 20
13 52
13 340
13 501
13 587
13 159
14 103
14 751
15 21
15 24
15 56
15 172
15 524
15 909
16 48
16 37
16 470
16 502
16 23
16 87
16 127
16 143
17 199
17 283
17 876
18 384
18 625
18 39
18 697
19 160
19 480
19 51
19 511
20 305
20 22
20 124
20 78
20 110
20 607
21 194
21 26
21 858
21 123
21 76
21 29
22 131
22 68
22 181
22 151
22 25
22 57
23 490
24 100
24 61
25 672
25 917
25 120
26 65
26 67
26 117
26 190
27 165
27 43
28 50
28 853
28 217
28 348
28 445
29 562
29 308
29 71
29 379
30 178
30 35
30 47
31 73
32 84
32 164
32 53
32 77
32 461
32 525
32 46
33 34
33 582
33 170
34 80
34 688
34 218
34 954
34 63
35 230
35 812
35 93
36 272
36 150
36 231
36 935
36 42
36 669
37 64
37 229
37 41
37 393
38 736
38 179
38 870
38 135
38 109
39 304
39 138
39 60
39 797
40 201
40 590
41 49
41 69
41 58
41 799
42 357
42 183
43 986
44 624
44 243
44 55
44 140
45 386
45 468
45 580
45 412
46 614
47 98
47 616
47 266
48 128
48 211
48 180
48 276
48 414
49 134
49 104
49 984
50 240
50 113
50 356
50 390
50 791
50 79
51 54
51 72
52 344
52 249
52 749
53 816
53 867
53 122
54 301
55 849
55 141
55 302
56 293
56 620
56 111
57 81
57 801
57 407
57 173
58 70
58 331
59 662
60 300
61 66
61 101
61 373
61 382
62 689
62 125
63 136
64 97
64 153
64 398
64 638
65 88
65 762
66 114
66 200
66 185
66 380
67 370
67 846
68 225
68 723
69 102
69 478
69 415
70 429
71 354
71 94
72 168
73 163
73 216
73 460
74 721
74 85
74 169
75 90
75 655
76 213
76 220
76 670
77 400
77 690
77 985
78 112
78 759
79 336
79 132
79 149
79 360
79 92
79 783
81 274
81 298
81 95
83 817
84 133
84 924
85 196
85 825
85 191
86 353
86 457
87 115
87 419
87 255
88 294
89 177
89 401
91 119
91 107
91 542
92 758
92 919
94 921
95 391
96 286
97 424
98 252
99 944
99 884
99 747
100 260
100 108
100 206
101 482
101 374
102 144
102 371
102 621
102 126
103 137
103 425
104 227
104 248
104 782
105 130
105 709
105 262
105 106
105 492
106 267
106 271
107 197
107 118
107 663
107 205
108 146
108 263
108 617
108 335
109 161
109 259
109 567
109 299
110 176
111 139
111 911
112 321
112 453
113 696
113 154
114 167
115 341
116 256
116 385
116 547
117 129
118 450
118 686
118 351
120 713
120 877
120 495
120 543
121 389
121 215
123 467
123 328
123 716
124 514
124 204
125 613
125 378
126 545
126 526
127 409
127 730
128 976
129 528
129 629
129 171
130 251
131 324
131 693
131 175
131 239
132 275
132 487
133 503
134 145
134 339
134 182
134 186
134 269
134 942
135 142
136 327
137 446
138 612
138 152
139 148
140 288
140 576
140 147
141 166
141 411
141 702
143 832
143 232
144 372
145 513
145 309
145 202
145 939
146 258
146 195
148 387
149 297
150 210
151 592
151 701
152 246
152 219
152 221
153 184
154 207
155 432
155 226
155 214
155 633
155 236
155 510
155 367
156 208
156 465
156 281
156 940
157 375
159 326
160 268
160 174
161 417
161 658
161 836
161 343
162 345
162 475
163 674
163 264
164 245
164 284
166 306
166 316
167 505
167 682
167 287
167 447
168 403
168 222
169 899
169 377
169 891
169 748
169 479
171 189
172 563
173 908
175 212
175 277
175 444
175 639
176 203
177 349
179 805
179 361
180 193
180 338
180 261
180 557
180 334
182 474
182 443
182 430
183 322
183 659
183 188
184 883
184 280
184 223
185 209
185 187
187 535
187 296
187 906
188 228
188 198
189 534
190 897
190 295
190 553
191 679
191 844
192 630
193 755
193 794
193 571
194 279
194 506
194 270
195 517
195 254
196 643
196 410
198 388
198 708
200 978
200 437
200 998
201 364
202 224
202 600
203 512
203 404
203 452
203 710
204 420
204 532
205 273
205 451
205 332
206 776
207 358
207 538
208 291
208 278
209 416
209 434
210 841
210 893
211 428
212 583
212 539
214 979
214 235
214 687
215 242
216 966
217 458
218 399
219 619
219 559
220 497
220 933
220 965
220 342
220 406
220 311
221 312
222 707
222 820
222 796
223 648
223 761
223 234
223 683
224 265
225 835
226 676
226 711
228 632
229 315
230 601
230 250
231 964
231 422
233 496
233 421
234 244
235 993
236 728
236 972
237 253
238 476
239 431
240 241
240 519
240 463
242 290
244 320
245 292
245 773
245 282
246 257
246 314
246 491
248 704
248 355
249 352
250 392
251 937
252 307
252 596
252 533
252 573
253 754
256 681
256 346
256 366
258 699
259 770
259 499
261 561
261 438
261 861
262 523
262 285
262 365
263 337
263 498
263 310
264 792
265 376
266 577
266 323
266 637
267 618
267 826
267 363
267 303
268 610
269 504
270 594
271 744
271 973
272 368
272 289
272 885
272 473
273 531
275 692
275 788
276 802
276 435
277 402
280 529
281 560
281 442
283 647
286 464
286 433
287 741
288 544
288 691
288 949
288 566
288 426
290 483
290 548
290 564
290 602
292 423
296 515
297 995
297 455
299 912
299 918
299 317
300 680
301 804
302 945
303 330
306 932
306 488
306 313
307 869
307 318
311 599
312 742
312 459
314 756
315 449
315 471
315 413
318 359
319 325
320 394
321 508
325 405
327 819
327 678
327 634
327 622
329 554
330 975
331 448
331 530
332 520
332 489
333 627
333 362
334 570
336 960
336 521
337 856
338 369
338 484
338 427
339 657
340 347
341 668
342 581
342 597
343 462
345 500
345 875
347 595
347 381
349 578
349 606
351 997
352 806
353 847
356 507
356 558
357 950
357 591
358 866
358 922
360 439
362 541
363 928
364 660
366 395
367 486
367 397
368 962
368 677
368 556
373 941
375 989
378 642
379 396
380 383
386 779
386 795
388 469
389 609
390 774
391 418
391 814
391 926
392 703
393 589
400 456
400 441
401 750
402 991
403 763
405 667
406 671
407 572
408 781
409 855
410 828
413 809
413 719
414 481
414 485
415 623
416 664
417 977
417 552
417 842
420 440
422 717
425 550
428 436
428 735
429 913
429 466
430 900
430 604
431 815
432 722
433 605
438 990
439 666
440 848
442 472
443 821
443 886
444 454
446 850
446 522
447 575
448 493
449 739
449 890
451 527
453 568
454 675
454 551
454 584
455 651
456 516
458 725
458 798
459 907
460 665
461 780
464 579
464 518
465 700
467 731
469 640
469 695
471 868
471 477
475 536
476 771
477 546
477 555
477 766
478 598
479 646
480 593
480 936
481 862
482 994
482 793
483 644
485 767
487 585
488 494
489 843
495 652
498 509
499 810
501 760
504 626
504 537
508 540
509 800
513 628
515 740
516 649
518 915
519 631
520 854
520 879
522 982
522 636
523 588
526 635
527 653
528 603
529 852
531 698
532 903
535 712
537 549
538 743
539 863
545 611
546 574
548 684
552 746
554 720
555 931
555 726
555 733
556 887
558 569
564 645
564 654
567 608
569 661
571 967
573 729
575 787
584 857
585 968
585 732
586 923
591 881
591 818
591 969
592 738
593 987
594 685
598 768
598 775
603 615
605 865
606 718
607 864
608 785
609 956
610 650
611 992
615 784
617 838
621 694
629 734
633 790
636 715
637 974
640 946
641 898
642 920
644 777
645 811
646 943
655 656
656 673
658 803
660 851
661 706
663 714
675 880
675 980
675 938
678 963
678 789
678 778
679 904
681 951
682 831
684 753
685 901
688 839
688 745
692 737
695 765
702 705
702 955
704 786
704 948
705 834
705 957
707 757
711 910
715 895
717 772
719 860
721 822
721 813
726 769
730 752
733 878
734 837
758 925
761 764
764 807
768 829
769 808
773 894
776 824
776 830
777 874
778 959
787 873
799 892
799 988
802 833
806 929
808 981
822 902
823 827
827 970
834 896
835 840
837 845
838 958
840 916
842 859
843 934
843 999
849 888
850 871
862 996
865 882
865 872
879 889
889 971
892 905
897 914
897 952
916 953
916 927
917 947
924 983
948 961
14 65
667 280
587 436
175 327
662 193
661 329
230 229
452 629
943 164
440 430
