1000 10
0 1
0 3
0 21
0 37
0 341
0 549
0 583
0 8
0 74
0 12
1 977
1 2
1 52
1 6
1 182
1 24
1 491
2 34
2 471
2 120
2 168
2 26
2 746
2 11
2 43
2 76
3 4
3 324
3 5
3 680
3 41
3 10
3 190
4 16
4 23
4 87
4 30
5 20
5 536
5 9
5 61
6 593
6 978
6 115
6 7
6 139
6 333
6 111
7 18
7 179
7 103
7 823
7 185
7 249
7 425
8 337
8 22
8 983
8 297
8 714
8 235
8 60
8 126
8 255
9 188
9 13
9 46
9 15
10 69
10 488
10 95
11 98
11 72
11 202
12 17
12 439
12 187
13 48
13 99
13 149
13 969
13 331
13 125
13 14
14 73
15 498
15 148
15 232
15 108
16 36
16 42
16 90
16 122
16 47
17 19
17 679
17 56
17 25
17 27
17 940
17 31
18 128
18 482
18 931
19 32
19 433
19 35
19 243
19 140
19 430
20 176
20 725
20 59
20 156
21 289
21 649
21 330
21 28
21 559
22 595
22 86
22 151
23 241
23 804
23 44
23 269
24 579
24 29
24 366
25 935
25 893
26 163
26 38
26 54
27 96
27 91
28 65
28 628
28 39
28 138
29 147
29 427
29 828
29 623
30 213
30 410
31 390
31 58
32 64
32 33
32 508
33 944
33 513
33 533
33 200
33 142
34 67
35 66
35 180
35 356
35 517
35 137
36 918
37 70
37 407
37 667
37 159
38 288
38 753
38 40
38 172
38 63
39 321
39 51
39 199
39 327
39 206
40 50
40 82
40 597
40 45
41 934
41 75
42 890
43 100
43 236
43 127
44 80
44 109
44 543
45 754
45 55
45 157
46 507
47 160
47 226
47 166
47 57
47 153
48 49
48 53
49 510
50 395
51 374
51 71
51 173
52 260
52 77
53 68
54 84
54 136
55 113
55 952
55 762
58 178
58 899
58 909
59 436
59 152
59 124
59 62
59 110
59 143
60 146
60 106
60 957
61 101
61 282
62 294
62 264
63 92
63 319
64 257
64 391
65 487
65 663
66 897
66 102
67 81
67 821
67 78
68 435
68 334
70 183
70 872
70 93
70 191
72 208
72 224
72 162
72 274
73 320
73 900
73 806
73 233
73 811
73 414
74 83
74 150
75 309
76 673
76 107
76 123
76 220
77 496
77 578
77 170
77 79
78 538
78 605
78 94
78 303
79 205
79 239
81 85
81 462
81 671
82 704
82 849
82 247
82 346
83 116
83 132
83 975
84 225
84 105
85 88
85 267
85 493
85 575
86 97
86 948
86 117
87 181
87 357
87 171
88 323
88 248
88 89
88 607
89 195
89 211
89 135
89 683
91 599
91 460
92 869
93 929
93 114
93 332
94 197
94 121
94 201
95 104
95 222
96 175
97 154
97 394
98 483
99 353
100 184
101 228
101 186
102 588
103 161
103 393
104 177
104 119
104 791
104 364
105 915
105 440
105 728
105 169
106 112
106 275
106 376
107 144
107 251
107 174
107 287
107 591
108 256
108 129
108 418
108 165
108 501
108 926
109 780
110 724
111 451
112 817
112 164
112 359
112 158
113 130
113 532
113 231
113 218
113 155
113 348
114 800
115 131
115 118
115 246
116 318
117 351
118 322
119 193
119 134
119 988
121 167
121 361
122 360
122 314
123 261
125 818
125 421
125 278
125 974
126 622
126 750
127 266
128 227
128 299
128 955
128 238
129 386
130 368
130 210
130 259
130 141
131 194
131 189
131 221
131 621
132 133
133 192
133 290
133 954
134 279
135 253
136 953
138 355
138 790
138 250
140 325
140 438
141 420
141 469
142 528
142 339
142 659
142 265
142 268
142 415
143 638
144 145
144 835
144 470
145 876
145 878
147 456
147 747
147 271
149 308
150 631
150 283
152 565
153 786
153 373
154 434
154 424
155 212
155 573
156 922
156 223
157 301
158 864
158 586
159 209
159 537
160 304
160 688
160 545
160 298
161 291
162 566
162 423
162 648
162 522
163 448
164 281
165 263
165 521
165 733
166 242
166 371
166 644
167 640
168 217
168 445
170 885
170 871
171 596
171 613
171 316
171 349
171 399
172 196
172 313
173 677
174 816
174 270
175 204
175 908
177 958
178 465
179 647
179 378
180 735
180 847
181 245
182 603
182 207
183 230
183 284
183 446
184 744
184 219
185 633
186 722
186 307
186 867
186 932
187 882
187 198
187 375
187 684
188 624
188 402
189 385
189 609
189 757
189 937
190 397
191 690
191 214
191 329
192 362
194 276
194 525
195 467
195 662
195 343
195 344
195 381
197 203
198 310
200 401
200 215
200 300
201 305
202 336
202 244
202 216
204 240
205 419
205 767
206 273
206 853
208 340
209 432
209 685
210 262
210 475
211 229
211 326
211 506
212 354
212 709
213 945
214 372
214 598
214 315
215 476
216 453
217 468
217 794
218 293
218 234
218 956
219 916
219 965
219 422
220 295
220 455
221 534
222 712
223 252
223 237
223 382
224 311
226 258
226 568
227 656
227 428
228 523
228 719
229 706
229 572
230 417
232 473
234 352
234 999
234 492
235 949
236 848
236 296
236 520
237 408
238 286
240 292
241 681
243 544
243 389
243 985
243 861
244 984
244 254
244 494
245 387
246 842
246 540
247 682
249 512
249 406
251 450
251 524
252 530
252 328
252 317
252 813
252 302
253 557
254 938
257 335
258 272
259 474
259 477
260 657
260 277
261 347
262 484
262 553
265 504
265 429
266 280
267 384
267 651
267 367
268 632
270 405
271 306
271 782
272 441
272 845
273 660
273 798
274 342
276 960
278 959
280 285
280 526
282 875
283 868
283 392
283 345
284 358
286 539
287 616
289 883
290 986
292 562
292 732
292 511
293 930
293 383
297 820
297 535
297 570
298 592
298 756
298 486
298 350
300 312
301 906
302 529
302 584
303 380
304 561
305 426
306 338
309 594
310 919
310 412
311 409
311 442
311 556
312 825
314 431
316 413
317 901
317 941
317 718
318 479
319 452
319 379
320 582
320 619
321 698
321 398
323 615
323 763
324 363
324 365
325 551
325 713
325 443
327 939
327 797
329 472
330 787
331 770
331 799
332 898
333 723
334 674
334 531
334 396
335 546
337 742
338 962
339 774
339 600
339 760
341 489
342 645
342 910
346 777
351 509
352 991
353 388
353 404
356 771
356 776
356 639
357 604
359 403
359 696
359 617
360 769
360 514
361 485
362 751
363 377
364 370
364 490
366 400
367 702
368 369
368 547
368 981
368 585
369 664
371 500
372 497
372 541
373 481
373 478
374 449
374 654
376 737
377 602
378 564
378 745
378 444
380 601
382 717
384 480
384 738
386 865
388 676
388 765
390 560
391 499
392 563
393 614
394 740
394 437
394 495
397 887
398 411
399 457
400 576
400 743
401 841
402 416
404 454
405 692
405 870
405 711
407 773
407 554
408 907
408 783
409 866
410 505
411 463
412 911
419 764
420 968
421 734
423 519
424 708
424 458
424 826
425 447
426 466
426 923
426 831
427 691
427 606
429 527
430 851
431 967
433 844
434 895
435 768
435 976
435 461
437 971
438 697
442 665
443 548
443 581
445 502
446 788
446 903
447 464
447 881
450 675
451 610
454 902
455 459
455 542
456 966
459 658
461 627
461 716
462 653
465 643
466 694
466 666
467 574
469 914
470 626
470 503
473 700
474 837
475 987
476 784
478 571
480 555
481 650
483 905
484 775
485 636
486 793
487 668
488 727
489 832
489 693
489 731
491 608
491 518
491 620
492 516
492 856
494 836
495 625
495 726
497 515
498 641
499 558
500 854
503 689
508 552
511 891
513 611
513 739
513 824
516 982
519 590
520 874
521 950
522 736
522 759
523 843
526 892
526 749
527 857
529 630
529 761
530 858
532 896
535 634
535 655
538 678
538 699
539 803
539 550
540 642
540 779
540 652
543 785
543 580
543 661
543 587
550 992
551 730
553 567
556 973
559 710
560 577
561 814
562 569
565 990
566 846
573 635
574 612
576 850
577 589
578 859
579 778
581 819
582 646
584 729
587 637
589 629
589 670
593 805
594 669
605 951
606 748
608 752
615 618
616 720
616 802
619 701
620 715
623 789
628 741
633 946
636 947
641 855
642 703
645 686
646 970
647 925
648 672
648 921
656 928
663 755
664 796
669 886
672 721
673 707
673 972
674 781
674 687
677 705
678 795
679 920
685 695
686 815
702 758
702 942
703 860
706 839
706 792
708 996
709 827
710 772
713 880
716 829
722 834
723 807
724 879
726 933
727 766
739 913
739 840
743 943
744 812
747 801
749 924
753 863
758 822
760 979
763 904
770 810
774 808
776 894
782 963
782 917
783 927
790 809
793 912
796 964
797 852
804 884
806 838
812 877
819 830
822 833
830 862
837 889
848 888
851 873
862 961
863 998
872 989
876 980
888 993
902 936
909 995
915 997
916 994
720 543
219 90
968 734
138 860
542 288
104 271
655 951
597 548
504 789
320 49
