1000 10
0 1
0 17
0 19
0 5
0 21
0 10
0 13
0 271
1 2
1 53
1 8
1 9
1 11
1 221
1 158
2 3
2 6
2 76
3 4
3 22
3 91
3 155
4 146
4 85
4 742
4 956
4 95
5 225
5 36
5 660
5 7
5 88
5 25
5 223
6 35
6 165
6 219
6 140
6 508
6 732
6 109
7 16
7 101
7 38
7 102
7 134
7 23
7 745
7 12
7 988
7 15
8 65
8 305
8 69
8 135
8 24
8 136
8 27
9 103
9 26
9 991
10 32
10 179
10 37
10 455
10 201
10 59
11 56
11 203
11 61
11 14
11 62
11 175
12 34
12 569
12 29
13 18
13 820
13 970
13 28
13 110
15 54
15 279
15 295
15 891
17 39
17 412
18 178
18 20
18 72
19 81
19 31
20 496
20 50
20 100
20 55
20 637
20 495
21 256
21 276
21 740
21 181
21 294
21 330
22 433
22 226
22 148
22 826
22 60
22 30
23 346
23 44
24 96
24 70
24 998
24 472
25 112
25 385
25 52
25 105
25 426
26 40
26 344
26 57
26 121
26 94
26 47
27 283
27 46
29 33
29 86
29 43
29 45
30 610
30 106
31 930
31 182
32 49
32 84
32 407
32 41
32 682
32 92
33 48
33 120
33 75
33 411
33 654
34 331
35 51
35 42
35 362
36 90
36 333
36 63
37 144
37 82
37 515
37 247
37 439
37 284
37 93
38 118
38 154
39 176
39 480
39 67
39 356
40 164
40 123
40 220
40 269
40 751
41 929
42 131
43 89
44 942
45 162
46 209
46 115
47 128
47 192
47 205
48 153
48 189
48 126
49 931
49 262
49 119
50 677
50 104
50 286
51 242
51 71
51 58
51 77
52 400
52 817
52 530
52 83
53 66
53 450
53 383
54 129
54 180
54 166
54 462
55 68
55 197
55 357
55 517
55 151
55 218
55 716
56 183
56 300
56 380
56 926
57 501
57 390
57 392
59 99
59 141
60 173
60 349
61 320
61 420
61 329
61 108
62 80
62 73
63 64
63 512
63 122
63 347
63 477
63 687
64 125
64 127
65 290
65 244
65 932
65 573
66 592
66 87
66 78
67 772
67 280
67 172
67 157
68 582
68 187
68 364
69 168
69 619
69 591
70 74
71 79
72 229
72 200
73 273
73 328
73 236
74 186
75 388
75 949
75 345
75 124
76 442
77 139
78 97
78 163
79 717
79 206
80 483
80 245
80 137
80 107
81 308
81 712
81 777
82 481
82 399
82 543
83 232
83 491
85 581
86 360
86 255
87 272
87 373
87 940
87 301
89 147
89 275
89 762
90 278
90 806
91 691
91 351
92 289
92 353
92 152
92 376
92 156
93 213
93 453
94 978
94 409
95 98
95 132
96 839
97 258
97 645
97 254
98 161
98 489
99 224
99 482
99 694
101 609
101 658
102 117
102 138
102 174
103 624
103 116
104 113
104 354
104 434
104 461
105 387
106 111
107 856
108 240
108 130
108 690
108 914
108 425
108 143
109 198
110 160
110 598
112 437
112 317
113 114
113 214
113 524
113 878
114 553
114 204
116 361
117 314
117 415
118 887
118 909
119 237
120 657
121 150
121 486
121 169
122 643
122 679
123 834
123 167
123 507
124 170
125 133
125 149
126 753
126 195
127 233
128 601
129 177
129 337
129 498
129 836
129 948
129 281
129 378
130 243
130 629
130 184
130 413
130 287
131 208
131 261
131 335
131 559
132 518
132 249
132 505
132 538
133 531
133 568
134 372
134 250
134 460
135 497
135 395
135 509
135 142
136 985
136 316
136 270
137 145
137 594
137 293
137 310
137 374
137 199
137 327
137 398
138 857
138 527
139 617
139 202
141 882
142 506
144 359
145 485
145 902
146 211
148 228
148 397
149 452
149 302
150 288
150 193
150 307
150 457
150 315
151 785
151 268
152 583
153 584
153 474
154 945
155 368
155 207
157 566
157 171
158 800
158 557
158 159
158 191
160 794
160 541
162 642
162 845
162 238
164 391
165 579
165 503
166 339
168 326
168 190
169 386
169 212
169 895
170 341
170 783
171 551
171 264
171 185
172 523
172 651
173 194
173 188
174 499
174 405
175 210
176 265
176 222
177 904
177 266
178 599
179 628
179 971
179 253
180 438
180 234
180 540
181 355
181 502
181 875
182 451
183 196
183 447
184 786
184 309
185 311
185 554
185 239
186 493
187 274
187 230
187 743
187 235
187 763
188 528
188 872
188 827
189 292
190 216
190 734
190 815
192 807
192 431
193 422
193 726
193 809
194 737
194 570
194 381
195 469
196 217
196 252
197 739
197 683
198 697
199 377
199 458
199 350
200 304
200 352
200 215
201 259
202 784
202 779
203 260
203 666
203 318
205 822
205 231
208 981
208 313
209 334
211 246
211 263
212 227
212 408
213 535
213 782
214 291
216 466
216 951
216 681
216 623
218 277
219 297
219 861
220 550
220 840
221 810
222 696
225 343
225 765
225 797
225 366
226 636
226 892
226 303
227 612
227 789
227 282
229 248
229 285
230 369
230 267
231 396
232 241
232 444
234 595
236 454
238 340
238 251
239 769
239 467
239 363
239 574
242 492
242 445
243 899
244 478
245 504
245 825
247 257
247 561
247 342
247 685
248 321
248 905
249 500
249 997
249 702
249 655
251 693
254 402
254 950
255 306
255 890
258 652
259 404
259 312
260 833
260 865
260 299
260 446
261 698
261 332
262 766
263 533
264 484
264 925
264 319
265 597
265 646
265 375
266 928
267 898
267 883
267 421
267 757
267 790
267 296
267 298
268 322
270 992
270 414
271 936
274 463
275 754
277 752
277 487
277 713
278 663
278 526
280 416
280 755
280 999
283 729
284 614
285 764
287 513
287 963
288 578
288 907
289 358
290 473
291 336
291 787
292 465
296 676
296 821
296 621
299 401
299 436
300 488
301 325
305 640
307 370
308 423
309 324
309 796
309 733
310 736
310 323
311 440
311 590
312 982
313 410
315 406
316 853
317 841
317 542
317 367
318 622
319 589
319 701
320 832
320 855
321 608
321 338
321 428
324 721
325 394
326 382
327 417
329 419
330 389
330 565
330 365
334 371
334 471
335 427
337 720
337 703
338 710
338 459
340 616
341 838
342 562
342 788
343 547
343 972
344 403
344 611
345 650
346 560
346 913
347 348
348 468
348 479
351 976
351 418
352 869
352 567
353 588
353 735
356 490
357 705
357 549
359 975
361 776
362 384
362 577
362 626
363 692
366 656
370 868
372 957
373 544
375 572
376 379
377 700
378 863
381 803
381 393
381 714
381 511
382 758
386 897
386 633
386 653
386 830
387 893
390 448
391 552
392 430
393 741
393 799
395 558
396 456
396 606
397 464
398 435
399 429
399 911
402 603
404 432
405 593
405 780
407 635
409 916
410 835
410 607
412 424
412 873
416 802
416 575
417 441
417 494
418 723
418 874
419 770
420 638
421 615
422 837
424 516
424 476
425 449
426 851
428 768
429 529
430 521
430 525
432 536
433 520
436 980
437 470
437 585
438 664
438 522
439 443
439 587
441 534
442 801
442 881
443 688
445 711
446 894
449 546
451 475
452 563
455 689
455 618
455 669
457 707
457 910
460 644
460 927
462 771
463 849
463 744
464 564
465 870
466 884
468 613
468 670
471 532
473 662
475 514
475 647
476 539
478 641
479 548
482 519
482 730
483 906
484 922
485 537
486 876
487 630
487 747
488 556
488 671
491 966
491 605
493 708
493 586
493 555
495 510
500 649
500 844
502 661
502 990
505 921
505 639
505 879
509 903
511 908
512 795
513 912
514 871
517 748
518 571
518 829
519 704
521 576
524 580
527 987
529 668
529 828
531 781
533 725
537 759
538 545
542 959
545 600
545 699
550 695
551 722
551 814
552 631
555 944
555 983
556 958
557 778
558 673
558 798
558 943
561 812
563 967
564 775
565 674
566 816
568 715
572 680
574 793
575 973
577 761
578 625
579 634
580 659
580 648
580 602
584 954
586 667
587 804
594 596
595 961
596 805
596 604
597 938
599 819
600 627
601 724
602 620
605 728
607 858
607 686
612 791
614 675
615 746
615 941
616 632
619 665
620 672
620 933
621 709
621 854
622 738
622 995
622 731
626 920
627 960
628 811
636 900
646 760
647 818
648 846
651 848
651 678
660 934
661 862
664 727
665 684
666 718
669 750
673 877
675 860
676 773
687 935
689 937
694 706
697 749
701 719
702 792
703 889
703 813
706 885
711 989
713 939
715 774
716 953
719 888
721 767
729 824
731 917
732 808
736 886
738 859
739 915
739 823
739 984
744 842
749 880
752 756
760 866
763 867
767 918
768 946
772 831
773 850
775 974
777 996
790 962
792 993
795 852
814 901
824 977
831 843
836 994
837 864
842 847
855 979
866 896
875 919
881 969
882 986
887 955
895 952
895 924
901 947
907 923
913 968
947 965
960 964
388 839
989 666
934 967
785 411
168 750
8 199
940 41
892 278
946 119
576 115
