10000
0 1
0 33
0 2
0 3
0 101
0 4325
0 72
0 10
0 2987
0 5135
0 432
0 241
0 1074
0 861
0 318
1 80
1 129
1 306
1 36
1 5
1 4890
1 11
1 319
2 16
2 97
2 19
2 4
2 196
2 1092
2 2052
2 7
2 2567
2 367
3 6
3 8
3 26
3 2043
3 1325
3 15
3 159
4 2097
4 18
4 852
4 421
4 2629
4 39
4 279
4 3463
4 138
4 189
4 1261
5 208
5 1959
5 90
5 12
5 13
5 4094
6 144
6 66
6 1912
6 9
6 235
6 3933
6 14
6 79
6 5215
7 656
7 4562
7 164
7 406
7 713
7 107
8 4017
8 1859
8 8260
8 267
8 158
9 592
9 1204
9 104
9 253
9 9710
10 83
10 42
10 730
10 251
10 2479
11 34
11 213
11 1669
11 73
11 1273
12 52
12 21
12 197
12 29
13 3552
13 20
13 1094
13 2647
13 376
13 25
13 122
13 30
14 176
14 720
14 3424
14 163
14 57
14 3453
15 1920
15 17
15 50
15 37
15 3525
15 23
15 137
15 109
15 669
15 910
15 719
16 7840
16 1186
16 115
16 8261
16 22
16 151
16 647
16 170
17 1088
17 1264
17 1057
17 436
17 24
17 76
18 2224
18 9986
18 185
18 345
18 255
18 8175
19 2480
19 3392
19 8274
19 2931
19 340
19 4550
19 9239
19 541
20 320
20 4720
20 82
20 210
20 67
20 4484
20 55
20 3431
20 3481
20 5036
20 9213
21 198
21 1355
21 93
21 381
21 31
22 35
22 100
22 4596
22 3992
22 4491
22 92
22 157
23 8176
23 209
23 1640
23 27
24 301
25 65
25 1025
25 6194
25 40
25 1597
25 1709
26 736
26 193
26 1668
26 1381
26 166
26 455
26 105
26 1066
26 6964
26 6965
26 9882
26 2814
26 3967
27 2400
27 1121
27 9299
27 85
27 247
27 3274
27 779
27 28
28 81
28 321
28 1896
28 1641
29 818
29 171
29 3387
29 460
30 2658
30 293
30 3181
30 62
31 32
31 114
31 1062
31 71
31 409
31 234
31 1838
32 1397
32 43
32 204
32 8623
33 867
33 629
33 56
33 41
33 507
33 8028
33 47
34 1128
34 44
34 316
34 45
34 46
34 2974
35 102
35 822
35 1622
35 153
35 1370
35 239
36 9252
36 38
36 215
36 411
36 60
36 1068
37 68
37 133
37 181
37 246
37 1222
37 9129
37 1674
37 1021
38 3266
38 851
38 86
38 6790
38 4808
38 201
38 489
38 4730
38 1036
38 2300
38 494
39 848
39 314
39 271
40 9648
40 2308
40 187
40 61
40 829
41 1621
41 7781
41 300
41 174
42 1828
42 2486
42 1210
42 539
42 126
42 1039
42 1279
43 4704
43 5376
43 49
43 1444
43 250
43 1786
43 9387
43 77
43 2413
44 48
44 576
44 51
44 7721
44 58
44 458
44 139
45 485
45 3866
45 188
45 797
46 466
46 1733
46 4637
47 192
47 161
47 899
47 134
47 89
47 74
47 971
47 6300
47 127
48 338
48 1268
48 53
48 648
48 249
48 4410
48 110
49 8897
49 87
49 379
50 915
50 1012
50 2824
51 3639
51 175
51 4223
52 2628
52 70
52 9369
52 6588
52 63
53 7605
53 54
53 2150
53 103
53 4714
54 849
54 248
54 2680
54 5995
54 5310
55 64
55 257
55 820
55 4405
55 1190
55 6296
56 2771
56 88
56 297
56 473
56 59
56 7692
57 146
57 195
57 78
57 207
57 223
57 303
58 401
58 84
58 123
58 1007
59 145
59 722
59 7924
60 5392
60 132
60 6085
60 4806
61 96
61 329
61 349
61 206
61 4414
62 902
62 106
62 2652
62 3244
63 992
63 258
63 227
63 1287
63 459
64 128
64 4337
64 628
64 6596
64 405
64 75
65 69
65 380
66 2452
66 1973
66 200
66 1577
66 1131
66 2635
67 9572
67 600
67 1807
68 1648
68 7984
68 1221
68 1365
68 214
68 663
68 4295
68 4493
68 383
69 1008
69 1283
69 152
69 1387
69 495
70 224
70 98
70 162
70 4868
70 554
70 4620
70 530
70 6388
70 3959
70 4344
70 2681
70 1853
71 480
71 689
71 148
71 311
71 1319
71 1530
71 3807
72 199
72 1015
72 746
72 1567
73 8290
73 186
73 91
73 651
73 1197
74 6723
74 5500
74 9773
74 1406
74 1071
75 467
75 548
75 266
75 94
76 8960
76 3291
76 6252
76 6828
77 3664
77 169
77 2524
77 95
78 259
78 4519
78 8811
78 382
79 308
79 324
79 516
79 1755
79 124
79 143
80 150
80 3240
81 276
81 1492
81 5748
81 1033
82 177
82 386
82 99
82 8488
82 6937
82 6827
82 108
83 433
83 962
83 6117
83 1562
83 3642
84 1697
84 6466
84 1029
84 1002
84 4010
84 237
84 222
85 2689
85 1858
85 579
85 180
85 468
85 1415
85 474
85 3580
85 3725
85 8029
86 400
86 1312
86 4419
86 2041
87 2721
87 7713
87 6772
87 117
87 232
87 760
87 904
87 1053
88 595
88 7587
88 1463
88 664
89 384
89 434
89 230
89 135
89 1226
89 140
89 3758
90 3332
90 9972
90 917
90 2861
90 1374
91 534
92 290
92 1028
92 183
92 236
92 2462
92 8990
93 2576
93 724
93 168
93 5722
93 172
94 4967
94 136
94 394
94 396
94 1276
94 2764
95 1403
95 286
95 4527
96 1076
96 4630
96 7740
97 1857
97 4931
97 677
97 7893
97 118
97 7582
98 2370
98 179
98 184
98 426
99 5450
99 479
99 5903
100 562
100 131
100 3647
101 378
102 470
102 6345
102 765
102 1391
103 550
103 3160
103 125
103 2351
104 113
104 270
104 335
105 3874
105 3434
105 6284
105 1102
105 6222
105 111
105 112
105 3185
105 1269
105 121
105 313
105 1532
106 2707
106 8486
106 264
106 5149
107 4864
107 3841
107 5746
107 1620
107 342
107 120
107 5241
107 2251
107 1341
107 4814
108 1380
108 149
108 2858
109 512
109 1250
109 693
109 2154
109 2330
109 7742
110 1746
110 476
110 269
111 1187
111 116
111 7002
112 261
112 3703
112 265
112 299
112 589
112 2255
113 8578
113 408
113 845
114 273
114 5580
114 1117
114 190
114 2894
114 3711
115 672
115 5714
115 2099
115 2200
115 525
115 6637
116 130
116 613
116 119
116 1017
117 3488
117 275
117 2180
117 9243
118 769
118 451
118 5625
118 493
119 3970
119 4390
119 217
119 841
119 1582
119 1295
119 7743
120 545
120 2483
120 156
120 542
121 366
121 191
122 864
122 372
122 285
122 1439
123 454
124 7039
125 147
125 1418
125 173
125 701
126 4610
126 1324
127 165
127 853
127 503
127 807
127 4855
127 4329
127 141
128 2726
128 7304
129 226
129 1379
129 452
129 9204
129 1606
129 1020
129 1388
129 1213
129 142
129 254
130 2161
130 228
130 3323
130 3709
131 1217
131 2013
131 1215
132 1395
132 5620
132 1718
132 231
132 6775
132 393
132 5774
133 416
133 1498
134 725
135 565
135 3877
135 472
135 3753
135 9273
136 8161
136 362
136 155
136 2140
137 160
137 407
138 3810
138 9165
138 543
138 2703
139 194
139 6674
139 9474
139 2245
139 8155
139 238
140 272
140 816
140 4547
140 262
140 9370
140 1948
141 346
141 3438
142 1345
142 3140
142 1016
142 5596
142 6558
143 1329
143 178
143 4917
143 1483
143 8667
143 1309
144 5921
144 420
144 263
144 1272
144 2873
144 302
145 561
145 1569
145 630
145 1766
145 425
145 1258
146 2981
146 5557
146 2392
146 9416
146 282
147 9444
147 8731
148 865
148 1252
148 5797
148 8869
148 154
148 8027
148 444
148 4957
148 5437
148 3151
149 8822
149 3607
149 538
149 1180
149 1821
150 1442
151 3393
151 167
151 743
151 312
151 6888
152 277
152 806
152 1095
152 2590
153 9057
153 1494
153 391
153 6744
153 6872
153 716
153 2028
153 3598
153 1455
154 945
154 323
154 229
154 684
155 256
155 1107
155 3445
155 8725
155 2422
155 6505
155 2555
156 2992
156 1868
156 2382
156 623
157 240
157 337
157 2022
158 3730
158 7849
159 1745
159 328
159 430
160 1685
161 203
161 2203
161 268
161 844
162 2098
162 2755
162 4387
162 348
163 3606
165 788
165 3052
166 1479
166 221
167 659
167 535
167 9211
167 5101
168 903
168 3548
168 830
168 4862
169 881
169 373
169 3189
169 1064
169 637
170 243
170 805
170 951
171 182
171 1966
171 1998
171 8430
171 287
172 9234
172 532
172 587
173 292
173 999
173 218
174 212
174 244
174 9941
174 4759
174 4936
174 220
175 2164
175 8614
175 202
175 4907
176 885
176 233
176 7309
177 2432
177 934
177 1096
177 2734
178 3144
178 702
178 8319
179 2937
179 2091
179 8701
180 403
180 2612
180 726
180 2374
180 414
180 3854
181 1538
181 590
181 5582
182 502
182 759
182 216
182 331
183 658
183 1618
183 1431
184 2103
184 219
184 1147
184 333
185 997
185 3733
185 4508
185 9597
186 457
186 650
186 6890
186 1035
186 686
186 4335
187 4785
187 8172
187 1965
188 1767
188 1646
188 2047
189 2258
189 3138
189 6018
189 2259
189 295
189 487
189 552
189 2906
189 9422
190 657
190 977
190 211
190 9227
190 558
191 560
191 1776
191 1061
191 1240
191 649
191 2925
191 814
192 225
192 5298
193 5223
193 1980
193 8495
194 6368
194 536
194 7864
194 973
195 804
195 2284
196 3856
196 8265
197 8481
197 3909
197 4566
197 9288
197 3723
197 350
197 1327
198 325
198 3767
198 296
198 3372
199 710
199 891
199 5164
199 205
199 4974
200 755
200 278
200 427
200 1691
201 517
201 283
201 5068
202 339
202 916
202 327
202 1789
203 6288
203 274
203 424
203 1339
204 563
204 310
204 699
204 2476
205 294
205 569
205 298
205 3755
206 7922
206 723
206 7988
206 3352
206 361
206 681
206 5022
207 786
207 387
207 707
208 2866
208 4058
208 9452
208 3069
208 1150
208 8047
209 577
209 1153
209 878
209 1055
210 1792
210 1378
210 8786
210 745
210 1787
210 9995
211 4083
211 694
211 7463
211 9832
212 3747
212 6858
212 780
214 3376
214 1010
215 388
215 4020
215 4137
216 4050
216 4364
217 1241
217 2682
217 1836
217 2078
218 8450
218 1030
218 1254
219 8145
219 260
219 3428
219 7142
219 8792
219 429
220 9446
220 798
220 1151
220 8239
221 756
221 2648
221 2828
221 749
222 2980
222 399
223 704
223 1964
223 8092
223 447
224 1511
224 4007
224 2410
224 6027
224 1740
224 510
224 927
225 4448
225 1921
225 242
225 597
225 5111
225 9545
225 1869
226 4401
226 1961
226 5865
226 7674
226 7469
227 688
227 1844
227 343
227 2727
227 5083
228 3139
228 4163
228 453
228 1781
228 750
229 4976
229 9938
229 842
229 428
229 2716
230 641
230 961
230 252
231 402
231 1459
232 3399
232 521
232 2187
232 1820
233 4499
233 245
233 6713
233 682
233 364
234 675
234 836
234 9636
234 2060
235 3991
235 2234
236 2642
236 506
237 661
237 8344
238 2243
238 708
238 330
238 4522
238 2989
238 2607
238 9905
238 1078
238 794
238 667
238 6459
238 572
239 2353
239 3839
239 7215
240 354
240 291
240 1496
240 9192
240 873
241 1393
241 1299
241 1111
241 683
241 5676
242 619
243 496
243 6624
243 8977
243 438
243 972
244 2738
244 2037
244 582
244 6425
245 640
245 1971
245 1368
245 3114
246 5335
246 9367
246 570
246 6797
246 1294
247 6856
247 1070
248 404
248 437
248 1350
248 7654
248 2139
249 824
249 4111
250 3697
250 4721
250 4021
250 551
250 8888
250 332
251 1056
251 2206
252 1923
252 1300
252 7145
253 5249
253 5027
253 967
253 2167
253 280
253 585
253 351
254 1600
254 417
254 1474
254 443
254 9564
254 365
254 654
255 761
255 777
256 930
256 4756
256 3487
257 305
257 1846
257 9993
257 4747
257 461
257 1423
258 4769
258 770
258 676
258 2744
258 284
259 1099
259 3663
260 528
260 4096
260 3109
260 6362
261 304
261 2560
261 370
261 7301
261 665
261 3470
262 368
262 1163
263 1554
263 389
263 1704
263 317
264 6742
264 6125
264 1742
265 3652
265 1638
265 6142
266 1280
266 8273
266 553
266 747
266 1067
266 7548
266 3838
267 838
267 2362
267 3212
267 4015
268 336
268 7459
268 1014
268 2054
268 5416
268 2761
268 7417
268 315
269 4851
269 1524
269 6149
269 2615
269 4411
270 4481
270 3587
270 8414
271 692
271 6325
271 2440
271 540
271 477
271 1199
271 6783
272 703
273 1910
273 281
274 1968
274 392
274 3592
275 357
275 728
275 5432
275 522
276 355
276 3462
276 953
276 1369
277 288
277 4113
277 1314
277 1832
279 369
279 850
279 307
279 8707
279 3367
279 520
280 1570
280 1737
280 604
280 3388
281 691
281 711
281 440
281 2488
281 638
281 1486
281 9663
282 1799
282 697
284 738
284 1543
284 3704
285 289
285 1207
286 1032
286 6351
287 326
288 2106
288 463
288 639
289 5127
289 2137
289 4716
290 4849
290 1235
290 2516
290 2618
290 1645
292 374
293 9141
293 8409
294 1814
294 519
294 1132
294 1661
295 932
295 774
295 3590
295 4875
295 860
296 3408
296 1604
296 3229
297 419
297 3155
297 906
298 593
298 2081
298 3672
298 4217
298 1292
299 5347
299 2756
299 2917
299 4586
299 6346
300 1472
300 2564
300 4246
300 4950
300 363
300 621
300 862
301 1441
301 309
301 2569
301 6569
301 2972
301 7359
302 598
302 9933
303 5106
303 6712
303 7725
304 1633
304 2355
304 5251
304 1286
304 344
304 811
304 1534
305 4133
305 375
305 504
305 584
305 2046
305 7694
306 353
306 410
307 1895
308 352
308 771
308 821
308 1576
309 5472
309 322
309 5028
309 3654
309 3192
309 490
309 1615
310 359
310 666
311 483
311 1703
311 793
311 2889
311 334
312 4646
313 944
313 1905
313 947
313 3253
313 7062
314 7554
314 9651
314 341
315 950
315 5496
315 2537
315 1050
315 524
316 5808
316 497
316 2004
316 758
316 2735
317 1904
317 4131
317 2053
317 7243
319 395
320 9504
320 5034
320 795
320 3405
320 511
321 513
321 983
321 1192
321 5274
321 7402
322 488
322 7180
322 6350
323 9382
323 680
323 3384
323 491
323 1227
323 1612
323 397
323 3517
324 9368
324 1214
325 390
325 423
326 976
326 1424
326 1553
327 8595
327 2694
327 3046
327 8074
328 464
328 5752
328 5291
329 737
329 498
329 706
329 398
329 622
329 734
330 482
330 371
330 1623
331 2996
331 3279
332 627
332 1484
332 1581
333 1139
333 918
333 1659
334 4707
334 4473
334 3422
335 2085
335 1177
335 6507
335 892
336 1692
336 685
336 3917
337 1172
337 1913
337 508
338 1841
338 7074
338 360
338 2364
339 356
339 727
340 898
340 1124
340 4725
341 6880
341 2373
341 439
341 8761
341 7611
342 1216
342 2423
342 3322
343 1738
343 347
343 2158
344 1545
344 1625
345 819
345 1144
345 3419
345 556
345 863
346 1974
346 6427
346 764
347 752
347 5233
347 2932
348 2240
348 481
348 358
348 1880
348 2600
348 1289
349 874
350 514
350 3250
350 547
351 500
351 1382
351 2168
351 5002
351 509
352 1729
352 2329
352 3897
352 1434
352 1834
353 8073
354 1928
354 8252
354 1469
355 1073
355 5271
355 492
355 2878
356 422
356 4122
356 4346
357 4676
357 5579
357 413
357 2447
358 2640
358 3441
358 1779
358 3349
358 1422
359 1512
359 377
359 431
360 674
360 1879
360 2376
361 3362
361 612
361 985
361 2074
362 912
362 418
362 8314
362 1405
363 3200
363 705
363 833
363 2507
364 4032
364 1665
364 6570
364 926
365 8066
366 3891
366 7950
367 7593
368 2737
368 3781
368 3081
368 1726
369 2624
369 435
369 3686
369 7977
369 3916
369 783
370 1572
370 456
370 1790
371 546
371 1018
371 670
372 385
372 1191
372 3550
372 3695
373 3687
373 6471
373 731
374 1138
374 415
375 549
375 1877
375 2149
376 2402
376 581
376 700
376 1596
377 8944
377 505
377 442
377 3706
377 4446
378 544
378 2256
379 3024
379 5928
379 607
380 484
380 9797
380 7767
380 812
380 1118
381 537
381 3371
381 9055
382 4180
382 3628
383 8087
383 4408
383 729
384 533
384 8107
384 412
384 4382
385 897
385 6279
386 1411
386 566
386 2534
386 632
386 555
386 573
386 606
387 2465
387 5061
387 6917
387 7414
387 631
387 1768
387 1833
387 9499
388 2290
389 1090
389 1573
389 446
390 8306
390 1915
391 9189
391 1335
391 568
391 586
391 958
391 7662
391 799
392 2704
392 4288
392 2040
393 768
393 2262
393 471
393 2122
393 3195
394 1091
394 1399
394 2239
395 1026
395 4882
395 2138
396 2151
397 2850
397 4250
397 3900
398 7008
398 8695
398 1436
398 1788
398 3117
399 1089
399 1499
399 796
400 2742
400 871
400 4123
400 781
401 8032
401 1585
401 1170
401 1540
401 876
401 5374
402 2582
404 3554
404 605
404 7821
405 2276
405 6806
405 1063
405 1816
406 3924
406 1228
406 7452
407 979
407 9093
407 1559
408 5732
408 2393
408 4559
410 3177
411 789
411 4261
411 7382
411 4255
412 2563
412 1989
412 1862
412 1561
412 1514
413 1888
413 1394
413 611
413 2467
413 8387
413 868
413 9207
413 938
414 784
414 1504
414 8408
414 1595
414 8557
415 6465
415 1556
415 1205
415 1354
415 1515
415 2923
416 4706
416 1285
416 8570
416 6671
417 1041
417 3784
418 529
418 741
418 696
418 2296
418 9512
418 4969
419 1044
419 7732
419 965
419 2213
419 2328
419 9849
419 6749
420 2770
420 996
420 3366
421 624
421 449
421 2757
421 4789
421 7144
421 717
422 5443
422 2853
422 2598
422 3943
422 3401
423 9081
423 1166
424 3760
424 5396
424 6980
424 5221
425 4816
425 3719
425 8744
425 1082
425 523
426 609
426 6450
426 4102
426 1658
426 2666
427 1936
427 450
427 531
427 869
427 823
427 8858
427 2011
428 441
429 1024
429 1377
429 567
429 9783
429 1981
430 7219
431 6192
431 7286
431 1448
431 6329
432 3511
432 831
433 3346
433 1005
434 1651
434 2472
434 617
434 620
434 526
434 943
435 4817
435 5964
435 1470
436 2119
436 1977
436 1771
436 462
437 2305
437 8120
437 4030
438 445
440 3865
440 3406
441 8403
441 8137
442 465
442 3940
442 9855
443 644
443 6420
443 901
444 1490
444 3653
445 4169
445 2494
446 448
446 3168
446 4827
446 4782
447 1916
447 941
447 1262
448 625
448 742
448 1098
448 1502
449 594
449 4322
449 662
449 3478
449 1358
449 1918
450 2071
450 1785
450 653
451 469
451 762
451 877
451 1693
452 2641
452 6821
452 5574
452 2105
453 1123
453 8995
453 4214
454 2649
454 954
454 475
455 6473
455 527
456 1282
457 1464
457 9337
458 7954
458 583
458 1311
459 515
459 1267
459 4069
459 919
459 3257
460 1331
460 887
460 6040
460 574
460 575
461 7404
461 2061
461 478
462 6981
462 518
462 678
462 1130
462 9355
463 646
463 856
463 5918
464 2241
464 501
464 486
465 1830
465 2702
466 2343
466 2794
466 9546
467 8405
468 1297
468 1384
468 2713
468 1756
468 2574
469 1712
469 1940
469 2505
470 1860
471 2736
471 8049
471 499
472 4292
472 7774
472 1775
473 3941
473 1725
474 4985
474 602
474 2908
474 3374
475 2504
475 4955
476 3059
476 1052
477 2688
477 1356
478 8722
478 1485
479 1108
479 3048
479 1995
480 1364
480 5405
481 709
482 785
482 7171
482 1398
482 8506
482 2795
482 2684
483 1824
483 2768
483 5218
483 1336
483 4264
483 668
483 3455
484 5589
484 712
485 2019
485 3677
485 4079
486 1106
486 1794
486 1642
487 810
487 4074
487 2027
487 2398
488 3436
489 1555
489 603
489 1611
490 2257
490 3602
490 5480
491 578
491 1065
491 634
491 4075
492 1249
492 6369
493 690
493 614
493 618
493 2844
494 900
494 773
494 827
495 7490
495 1958
495 1578
495 2876
495 6510
496 1027
496 4915
496 5492
496 3383
496 3258
496 4540
497 1574
497 5494
497 599
497 4248
497 1563
497 4204
497 3437
498 4352
498 9971
498 3797
498 3062
498 6328
498 2221
499 1156
499 3268
499 886
499 1592
499 4139
500 6066
500 855
500 5528
501 1256
501 5197
501 591
502 8565
502 5199
503 4241
503 826
504 2832
504 564
504 4423
504 3947
504 2767
505 3873
505 2242
505 9386
505 879
505 4975
506 2181
507 7811
507 5065
507 1438
508 580
508 645
508 6265
509 2419
509 8343
509 601
509 5743
510 608
510 2898
510 2712
510 2619
511 5205
511 1196
511 3116
511 1453
512 2352
512 2455
512 5483
513 839
513 2076
514 3987
514 3348
515 1734
515 6377
515 6908
515 4445
515 4175
516 970
518 1184
518 1447
518 1320
518 1599
518 2911
519 974
520 8802
520 1813
520 8058
520 2379
521 1744
521 588
521 813
521 559
521 911
522 883
522 3190
523 1829
523 1711
524 7585
524 2676
524 1307
525 1893
525 4149
525 5004
525 6046
526 5783
527 2854
528 834
528 1565
528 2573
529 2129
529 4518
529 1129
529 1087
529 2463
530 626
530 596
530 778
530 908
531 1699
531 5384
532 1142
532 2983
533 7475
533 2090
534 1686
534 8327
534 1178
534 7771
536 1019
537 1043
537 3092
537 655
538 557
539 4049
539 1084
539 1260
540 3466
540 1183
541 4883
541 571
541 2495
543 2312
543 5581
544 9148
544 2847
545 9247
546 4597
546 4486
546 4713
547 896
547 5491
547 1594
548 735
549 2320
549 2199
550 610
551 643
551 1037
551 3597
552 1120
552 817
552 3281
552 8903
552 635
552 859
552 7151
553 3476
553 6804
553 9364
553 1414
553 1750
554 8309
554 792
554 8697
555 1929
556 6850
556 2611
556 9652
556 5685
556 4601
556 4671
557 3769
557 1229
558 3313
558 1224
559 2914
559 1732
560 2699
560 7067
561 957
562 6786
562 7333
562 5063
562 1208
562 1164
562 4828
562 5119
563 4560
563 1366
564 4688
564 2113
564 2994
564 6166
564 6495
565 870
565 936
565 748
565 1004
566 7618
566 9703
566 2620
567 1165
568 4452
568 1509
568 5606
568 1209
568 2267
568 2990
569 3634
569 8471
569 1182
569 1950
570 4668
571 9856
571 2793
571 1246
571 5007
572 1810
572 4082
572 2429
573 7303
573 1416
573 4494
574 633
575 6938
576 775
576 858
577 2032
577 1945
577 2542
577 2575
577 3919
579 6472
580 4772
581 2549
581 1751
581 3369
581 652
582 754
582 1462
582 4599
582 955
582 5726
582 671
583 4036
583 4245
583 1034
584 3968
584 5283
584 1081
584 815
585 721
585 931
586 1040
586 718
587 1077
587 2026
587 942
588 4867
588 4260
588 857
588 4442
589 673
589 1266
589 1206
590 3426
591 1122
591 733
591 1598
591 2895
592 1051
593 1840
593 7300
593 7033
593 8683
595 5200
595 966
595 6762
595 956
595 751
596 739
596 2723
596 3502
597 776
597 1517
597 3614
597 1247
598 2588
598 3149
599 1194
599 3563
599 6909
600 642
600 2546
600 1987
600 2253
600 847
601 4186
601 9962
601 1533
602 1072
602 9794
602 3452
603 1591
603 3145
603 5545
604 2962
604 2372
604 3556
604 615
604 1708
605 1383
605 6857
605 1291
605 4415
606 1653
606 2791
608 6545
608 4285
608 4207
609 2120
610 1259
611 1667
611 5349
611 2822
611 872
611 5001
611 3420
611 1901
611 2637
611 1326
612 1133
613 5568
613 8531
614 4834
614 1827
614 5539
614 4916
614 616
614 744
614 8442
614 1179
614 3324
615 5057
615 4148
615 7801
615 1148
616 929
616 660
616 6356
616 1805
617 2338
617 3188
617 6310
617 3676
618 2020
618 6601
618 5677
619 5206
619 5993
620 6774
620 2359
620 5435
620 5071
621 4914
621 4374
622 5824
622 8315
623 1334
623 6566
623 6924
623 4734
624 6538
624 6922
624 5343
627 7809
627 3640
628 9921
628 2231
628 1145
628 8267
628 8415
629 5544
629 1003
630 882
630 1947
631 6371
631 6997
631 3799
631 6622
632 1110
632 984
632 1931
633 8195
633 636
633 1660
634 3358
635 2195
635 6531
635 1181
635 1566
635 2606
636 4227
636 6212
636 840
636 8937
638 4256
638 6585
638 1054
639 7690
640 1425
640 6662
641 3893
641 9125
641 6697
642 1721
643 1526
643 6991
644 3214
645 2493
645 2030
646 7680
646 7826
646 8548
646 1626
647 3905
647 9796
647 791
649 1011
649 1160
650 2212
650 982
650 714
651 2967
652 6360
652 698
653 7302
655 3089
655 9482
655 7083
655 3004
655 687
657 4520
657 1113
657 2746
657 2302
657 8015
658 8550
658 5802
659 1654
659 2566
659 695
659 2903
660 790
661 1505
663 994
663 4669
664 2088
664 3161
665 1632
665 8292
666 843
666 2879
667 2657
668 5924
669 1939
669 7029
669 854
669 890
671 7871
672 2595
672 4456
672 8793
673 3043
673 6584
673 1449
673 2874
674 3995
674 1342
674 5759
675 740
675 828
675 4077
675 767
675 959
676 3542
676 986
677 679
677 4028
677 893
677 782
678 1874
678 1476
678 4340
680 1590
682 3761
682 802
682 7106
682 1318
682 4047
683 1715
683 3101
683 2798
683 4702
684 715
685 8151
685 1372
686 6226
686 1443
686 3752
686 1086
686 4222
687 5771
687 2460
688 1489
689 800
689 866
689 3429
689 9974
689 4815
690 8883
690 3256
691 1541
691 6389
691 8423
691 7256
692 5932
692 1710
693 923
694 1872
694 2650
694 8604
695 3720
695 1753
695 1450
696 2194
697 8513
697 787
697 8213
697 763
697 732
697 1116
697 1149
698 1105
698 766
698 2286
699 4708
699 9942
699 1047
700 3984
700 2961
700 2434
700 3491
700 1451
700 3131
701 2522
701 8907
701 1375
702 1188
702 7400
702 1049
702 3082
703 5038
704 4606
707 7507
707 924
708 1225
708 1085
709 964
709 2852
709 9384
709 5210
709 1103
710 1941
710 8490
710 2971
711 2406
711 5966
712 2000
712 3665
712 968
713 753
713 5208
715 3702
715 5481
715 6379
716 1046
716 1048
716 1359
717 1605
717 935
717 1159
717 2856
717 1564
718 5616
718 1317
718 4041
718 1135
719 1984
719 2385
719 8498
719 1270
719 3416
721 5334
721 2599
721 920
721 2428
722 2235
722 3661
723 1458
724 8037
725 1728
725 1542
725 4039
726 832
726 8051
726 3958
726 2281
727 9779
727 9846
727 1175
728 1739
728 5485
729 1510
729 1195
729 3611
729 6221
730 1363
730 757
730 1897
731 3537
731 1837
732 1979
732 7260
733 894
733 1822
734 998
734 8967
736 4224
738 1167
738 3055
739 3975
739 4841
740 772
740 4392
740 1690
741 1536
741 5835
742 4313
743 803
743 3705
744 8243
744 2487
744 5787
745 2806
746 1652
746 1126
747 8036
748 7537
748 7170
748 3381
748 8264
748 895
749 8000
750 1219
751 1042
751 3843
751 1495
751 6456
751 889
751 3451
752 3482
752 3514
753 9680
753 1523
754 913
754 4726
754 937
754 2458
754 940
754 6990
754 1471
755 4866
755 9126
755 9096
755 3053
757 3782
757 3738
757 2012
758 808
759 1889
759 1747
760 975
761 1760
761 6274
761 4439
761 3788
762 4893
763 2545
763 3764
764 2337
764 2210
764 5599
765 1171
765 2601
766 7552
767 3299
767 884
768 9366
769 1237
769 907
770 2131
770 1402
770 4634
770 3087
771 1650
771 1628
772 3920
772 5970
772 1593
772 5163
773 1525
773 5436
774 4830
775 1330
775 4202
776 4421
776 3001
776 4315
776 1501
777 3209
777 3326
778 1825
778 1817
779 2609
779 3044
779 5209
779 1610
780 8336
780 2869
780 8549
780 4758
781 1361
781 5207
781 875
782 3816
782 3247
783 1168
783 2128
783 1417
784 1174
784 825
785 4126
786 2865
786 6260
786 7160
787 1154
787 995
787 1527
787 9214
789 8113
789 7545
789 909
790 1602
790 2247
791 2001
791 4767
792 1075
792 7525
792 1687
792 4441
792 3130
793 3298
793 3962
793 7355
794 4512
794 5226
794 1903
795 3908
795 2426
796 9153
796 2340
796 1770
796 925
797 801
797 2408
797 3373
798 4230
798 905
798 1343
799 2323
799 837
800 4324
800 1445
801 2565
801 2126
801 7263
802 2955
803 1362
803 4485
803 3623
803 2218
803 3340
804 1316
804 1926
804 2991
805 9379
806 809
806 921
807 2864
807 1826
807 1212
808 1255
808 7961
809 2646
809 8726
809 6663
811 1914
811 846
812 1635
813 5087
813 6687
815 1058
815 7267
815 1371
815 8397
816 3377
816 6253
819 835
820 9374
821 4273
821 2941
822 2528
822 2121
822 1243
823 1169
823 1155
824 7395
824 6709
824 3910
825 3133
826 1456
826 7937
827 949
827 1013
827 1639
828 1000
828 2396
829 2805
829 3990
829 952
829 1706
829 1852
830 6739
831 1109
831 1419
831 1308
832 1060
832 5320
833 2369
833 987
834 2280
834 8682
834 6251
835 1568
835 7088
835 980
835 4138
835 939
836 3722
836 1083
836 9820
837 1705
837 5933
837 5983
838 880
838 5145
839 9595
840 2017
841 2002
841 8590
841 1519
843 8839
844 9472
844 3633
844 9582
845 3876
845 8426
846 4193
847 4861
849 3669
850 4212
850 3173
851 1022
852 928
852 2401
852 1023
853 4465
853 1112
853 2314
855 2336
855 1220
855 8767
856 1301
856 3510
856 7788
856 2750
857 946
857 5541
857 1127
857 1784
857 8974
858 8241
859 1360
859 7272
859 1673
859 6015
860 8610
860 2901
860 922
860 9645
861 1426
861 1876
861 1560
861 2559
862 2500
862 8932
863 4274
863 8675
863 2585
863 9371
863 2733
864 963
864 888
865 6387
865 1349
865 5113
866 2130
866 2115
866 3629
868 7187
868 2807
868 2377
869 5540
869 3065
870 5858
870 3421
871 1137
871 914
871 6051
872 3026
872 1477
872 7481
872 1386
872 6383
873 3520
873 7707
874 1409
874 7955
874 1031
874 1675
875 1930
875 4171
875 1934
876 2291
876 1894
876 1933
876 1949
876 7439
877 6134
877 1223
877 1069
878 3008
878 2836
878 4837
878 2205
879 3802
880 3301
880 1304
880 1944
881 4386
881 4503
882 3852
883 1162
883 1322
883 1038
884 5795
885 1843
885 8931
885 8885
885 1239
886 1818
886 7434
887 8278
887 4413
887 1774
888 1001
889 3169
889 2227
890 9912
891 7158
891 9818
891 2427
892 8210
893 2552
893 3627
893 6782
895 1649
895 7078
897 1140
897 8251
897 6620
897 8799
898 3271
900 3861
900 3174
900 2506
900 2875
900 3835
900 1293
900 990
901 9424
901 1313
901 4466
901 5211
902 1315
902 4052
902 3211
903 9307
903 2173
903 5422
904 2160
904 1986
904 2132
904 1925
906 3315
906 1173
907 1780
907 4521
907 3146
907 1357
907 991
908 3644
909 1059
909 7259
910 3763
910 3534
911 3201
911 1231
912 6824
913 960
913 8114
915 993
915 7533
915 1487
917 1302
917 5102
918 3290
919 5745
919 2334
920 1104
920 1906
920 5155
920 1815
921 1664
921 1777
922 1720
922 5897
923 6946
923 3621
923 4454
925 2883
927 933
927 1717
927 5463
927 3448
927 7614
928 7123
928 1305
928 4763
929 2169
930 9683
930 2254
931 4144
931 6575
932 8681
933 1851
934 3519
934 7919
935 2579
935 2357
935 2968
935 1006
936 1924
936 5316
936 5364
937 1136
937 2003
937 7079
938 7648
938 1537
938 988
940 1800
941 3925
941 9225
941 8875
941 3549
941 2095
942 6381
943 7843
943 948
943 9956
944 2562
944 2553
945 7889
945 3111
945 6079
946 1233
947 1114
947 9823
948 3501
948 4063
949 1408
949 1009
949 1908
949 2777
949 7049
949 989
949 1614
950 3222
950 3480
950 969
951 2513
952 1203
952 8122
954 1079
955 4530
955 6179
956 3729
956 4488
957 1244
957 1500
958 3792
958 2497
959 5394
959 1189
959 2711
961 2818
962 1634
962 2530
962 6506
963 1347
963 1303
963 2124
964 4289
964 7177
965 1413
965 2009
965 1277
966 2016
966 6787
966 4044
967 6406
967 3944
969 4240
969 978
969 2424
969 2525
969 8703
970 1440
970 2643
970 4643
970 3386
971 1328
971 6708
971 5534
972 2348
972 1101
972 3662
975 1516
976 981
976 5597
978 1306
980 8928
980 3682
980 1407
981 1125
981 8959
982 9733
982 1550
983 1097
983 1211
983 2155
983 2414
984 3239
984 6682
985 1881
986 5363
986 7722
986 9803
986 9261
988 1100
989 1584
989 7380
989 3518
990 4105
991 1716
991 5447
991 8872
992 2603
993 8186
993 2222
994 2304
995 7137
995 8433
995 1831
995 1454
996 5840
996 4658
996 8810
996 9051
996 2332
997 3368
997 2397
998 3892
1000 5920
1000 1263
1001 4141
1002 2661
1002 3862
1002 1884
1002 6845
1003 2246
1003 6168
1003 3497
1004 1351
1004 1549
1005 1161
1005 2014
1005 1679
1006 1682
1006 5519
1008 1200
1008 7202
1009 1045
1009 7879
1009 4092
1010 8514
1010 7415
1011 1428
1012 7509
1012 7541
1012 1146
1013 3395
1013 1460
1013 3896
1013 2044
1014 2561
1014 8321
1014 3890
1014 8909
1015 9014
1015 9743
1016 3844
1016 6598
1017 2431
1018 8146
1018 7107
1018 4085
1019 2394
1020 5045
1021 5629
1021 1278
1021 2110
1022 4147
1022 3034
1022 1694
1023 4370
1024 2275
1025 8436
1025 8069
1025 5399
1025 4495
1027 1589
1027 4554
1028 1093
1028 2841
1028 5228
1029 2344
1030 5356
1031 7892
1031 1978
1031 6911
1032 3184
1032 3985
1032 1603
1032 4937
1032 5631
1033 2802
1033 2070
1034 3039
1035 2499
1035 4602
1037 4939
1038 6577
1038 1430
1038 2278
1038 1198
1039 3875
1039 8599
1039 3165
1039 1743
1039 1887
1040 7189
1040 3690
1040 1551
1041 2514
1041 2035
1041 2108
1042 1636
1042 8517
1043 2144
1043 5352
1043 1580
1043 9660
1044 2069
1044 1337
1044 1835
1045 7701
1045 7606
1045 1080
1045 1992
1045 9385
1045 4878
1046 6609
1046 1284
1046 8149
1046 3928
1046 4409
1046 1722
1047 2176
1047 2769
1047 1702
1048 7878
1049 2673
1049 5954
1049 7026
1049 6378
1050 3096
1050 3656
1050 3768
1050 3516
1050 4012
1050 2349
1051 8742
1051 9577
1052 7536
1053 1544
1053 4395
1053 2142
1054 6683
1056 1762
1056 9891
1056 6628
1056 7686
1056 1671
1056 1643
1056 3341
1056 8782
1057 8384
1057 2977
1057 2403
1057 1608
1057 2986
1058 1468
1059 3681
1059 2371
1059 2740
1059 8724
1059 4533
1059 2285
1060 5062
1061 4464
1061 2404
1062 5632
1062 4213
1062 2363
1062 2831
1063 2597
1063 3625
1063 3547
1064 2627
1065 9345
1065 4338
1065 6302
1066 1158
1067 1265
1067 1892
1068 9477
1069 5561
1069 2171
1069 2271
1069 2287
1070 2966
1070 1754
1070 1724
1071 3965
1072 7473
1073 4616
1073 1323
1074 3012
1074 1253
1074 5114
1075 1143
1075 7239
1075 2808
1076 2659
1076 1176
1076 8361
1076 9529
1076 5338
1076 1340
1077 2696
1077 2776
1078 1185
1078 6932
1078 4040
1079 1796
1079 5076
1079 1546
1079 2266
1079 6202
1080 2162
1080 7241
1081 2062
1081 9262
1082 4121
1082 5708
1083 8951
1084 1251
1084 7207
1084 2638
1086 1506
1086 8441
1086 9101
1087 6871
1088 1493
1089 5968
1089 1937
1089 1271
1089 9054
1090 2774
1091 9255
1091 8841
1091 3162
1093 1891
1093 4472
1093 1609
1093 1115
1093 8173
1094 5584
1095 4548
1095 2055
1095 3002
1096 2190
1097 5093
1097 1193
1098 5056
1098 4417
1098 7173
1098 6060
1098 3213
1099 8224
1099 5043
1099 2837
1099 5110
1101 1234
1101 1410
1101 8939
1101 3871
1102 9826
1102 2005
1102 4629
1102 3319
1102 4638
1104 1348
1104 1769
1105 1202
1105 2298
1106 9524
1106 2230
1106 1274
1106 1134
1107 1385
1109 1157
1110 3616
1110 6184
1112 1907
1112 2023
1112 4567
1112 9709
1113 1296
1113 2358
1113 5782
1113 3803
1114 1201
1114 5860
1114 5366
1114 1119
1115 5078
1115 3659
1116 7014
1116 1997
1117 1508
1117 9237
1117 3338
1118 6214
1119 1232
1119 2064
1119 3794
1119 1795
1120 5799
1120 6855
1120 1230
1121 8632
1121 2107
1121 6157
1122 2809
1123 1152
1124 3320
1124 2954
1125 1619
1125 7957
1125 4823
1125 4156
1126 2326
1126 3945
1126 5070
1127 7184
1127 1141
1127 3050
1127 3309
1128 9024
1128 5138
1128 2229
1128 7114
1129 5024
1130 2039
1130 6524
1131 1488
1131 3363
1132 4267
1132 5019
1133 1392
1133 2888
1133 2365
1134 9571
1134 1655
1134 9607
1135 1666
1135 4995
1135 1972
1135 6244
1135 3321
1135 5977
1135 7817
1136 1352
1136 2345
1137 3216
1137 2939
1137 3115
1137 7035
1137 4159
1138 2232
1139 6338
1139 6215
1140 1797
1140 3205
1140 3150
1141 2485
1141 2342
1142 4042
1142 1275
1143 8304
1143 6339
1143 9317
1143 2456
1143 6792
1143 4093
1144 6416
1145 8874
1145 5852
1145 9358
1145 3135
1147 4690
1147 2823
1148 7524
1148 7752
1148 1804
1149 1579
1149 3645
1149 1630
1150 4513
1150 2420
1150 4981
1150 2663
1151 3734
1151 3658
1152 2710
1153 4740
1153 1288
1154 9091
1155 2489
1155 1917
1156 9398
1156 6409
1156 2970
1157 9344
1157 1848
1157 4506
1159 1478
1159 1367
1160 1376
1160 2662
1160 1310
1161 2148
1161 2557
1162 1586
1162 2024
1162 6652
1163 3635
1163 1437
1164 6023
1164 7629
1166 6612
1166 2538
1167 1333
1167 3223
1168 7782
1168 8536
1168 1759
1168 4655
1169 2008
1171 8465
1171 2405
1171 2613
1171 9606
1171 6124
1172 2439
1173 4635
1174 3541
1175 5140
1175 4236
1175 5773
1176 5825
1176 1811
1176 1812
1176 1432
1177 8564
1177 2969
1178 1491
1178 9000
1178 2825
1179 3586
1179 6556
1180 3798
1180 4206
1181 7873
1181 9982
1182 4642
1182 1475
1182 1731
1182 2596
1182 7499
1183 1344
1183 3819
1183 6094
1183 1503
1184 2178
1184 5474
1184 1647
1186 5265
1186 6769
1186 6643
1186 4879
1187 6625
1187 8547
1187 5927
1188 2354
1188 8217
1188 5244
1189 4608
1189 6025
1189 2125
1189 1870
1190 6516
1190 9981
1191 7280
1191 8347
1191 3310
1192 9732
1193 5874
1193 1765
1193 6053
1193 6492
1193 8892
1193 1662
1194 1713
1195 1236
1195 6469
1195 5433
1195 4062
1196 2964
1196 1558
1197 2521
1198 6784
1198 1480
1198 2025
1199 3269
1199 6810
1201 7494
1201 1321
1201 7418
1201 2796
1201 4428
1201 3567
1201 9407
1202 1218
1202 7080
1202 2558
1204 4000
1204 2952
1204 2361
1204 3306
1205 1248
1205 1539
1205 3068
1206 1466
1206 4332
1209 3042
1209 1412
1209 1497
1209 6604
1210 4621
1211 3507
1211 4084
1211 5949
1212 1849
1212 1390
1213 1601
1213 4209
1213 2779
1213 8062
1214 2946
1214 3813
1214 2751
1215 8823
1216 1683
1216 2010
1217 2912
1217 1238
1217 1242
1217 3594
1218 1803
1218 4078
1219 1842
1219 2183
1219 6463
1220 4196
1220 4778
1221 3345
1221 7176
1221 8653
1222 1281
1222 5906
1222 1401
1222 7337
1222 1644
1223 5778
1223 7273
1224 6626
1224 4991
1225 1245
1226 1429
1226 3911
1228 1396
1228 1782
1228 1993
1228 1373
1228 1518
1229 3104
1229 4355
1230 1583
1231 9585
1231 2919
1231 3260
1232 8615
1232 1389
1233 4211
1233 6133
1233 2303
1234 4592
1235 5529
1236 2518
1236 2056
1237 1861
1237 4777
1237 8618
1239 9618
1240 6967
1240 1353
1241 6594
1241 7223
1242 2156
1243 1801
1244 4336
1244 1513
1245 2388
1245 1257
1245 8619
1247 8081
1247 1332
1248 5025
1248 8593
1248 7348
1250 2728
1250 3609
1250 3100
1251 1617
1251 2905
1252 8082
1252 4965
1252 5926
1252 9435
1253 4902
1253 6587
1253 1791
1254 3505
1254 1298
1254 3275
1254 4927
1255 2948
1255 4999
1255 5370
1256 6263
1257 5844
1257 4463
1257 8111
1258 6313
1258 1290
1258 7852
1260 2225
1260 1627
1260 4556
1260 3742
1261 5213
1261 4735
1262 3746
1262 2788
1262 1707
1263 2186
1264 1856
1264 9104
1264 5289
1265 4033
1265 5074
1266 4312
1266 9195
1266 6430
1266 7951
1267 3494
1267 4812
1268 3248
1268 3779
1268 4787
1268 9894
1269 5010
1269 4203
1269 1854
1269 7966
1270 1433
1270 3886
1271 2867
1272 1624
1272 1994
1273 2687
1274 2409
1274 1676
1275 3142
1275 2249
1276 2196
1276 2478
1277 1955
1277 3685
1277 4054
1278 2390
1278 4888
1278 8552
1278 5705
1278 1883
1278 1631
1279 4818
1279 4383
1280 5169
1281 3186
1281 7237
1281 8763
1282 9845
1282 1819
1283 4660
1283 3337
1283 7343
1284 4360
1285 5475
1285 2252
1286 2327
1288 1723
1288 9725
1289 2368
1289 2664
1289 1757
1289 1982
1289 3710
1290 2082
1290 2743
1290 2201
1291 2219
1291 7643
1291 2175
1292 7777
1292 7363
1292 2473
1293 1446
1294 1954
1294 1865
1294 3530
1295 5935
1297 1547
1297 2093
1298 7427
1298 6365
1299 1529
1299 3164
1300 2965
1300 5946
1300 2477
1302 5652
1302 7844
1303 1427
1303 8008
1303 9064
1303 3689
1304 5669
1304 4487
1304 4268
1305 4371
1305 2277
1305 8166
1305 2765
1305 7869
1308 9481
1308 2127
1309 3504
1309 8730
1310 2418
1310 2453
1311 2679
1311 4014
1312 1557
1313 1404
1313 1900
1314 1457
1315 1346
1315 5796
1315 9989
1315 4571
1316 2436
1316 2152
1317 2073
1317 2973
1319 1823
1321 3870
1322 2384
1322 9923
1322 4750
1323 2065
1323 7429
1323 8806
1323 1528
1323 1465
1324 8955
1325 5297
1326 7972
1326 9610
1327 6898
1327 5191
1327 4253
1328 2135
1328 2623
1329 2411
1329 3532
1330 7172
1330 2634
1330 5853
1331 1400
1331 6207
1332 1571
1333 4672
1333 2274
1333 9555
1334 3120
1334 5690
1334 3915
1334 4046
1335 1688
1335 6398
1336 2881
1336 8097
1336 1338
1338 1700
1338 4558
1338 4831
1339 4980
1339 6233
1340 2950
1340 5495
1340 4623
1342 2535
1344 4582
1346 2790
1346 1452
1347 4680
1347 7497
1347 2845
1348 7312
1348 7121
1349 3978
1350 3013
1350 4649
1351 4624
1351 2072
1351 2360
1351 5609
1351 2317
1352 2311
1352 3230
1353 2087
1353 1435
1354 9400
1355 3097
1355 1758
1356 6564
1356 6188
1357 1575
1357 7703
1358 1461
1358 2920
1359 6424
1359 1421
1359 1741
1361 2261
1362 6020
1362 5622
1362 3821
1363 1420
1364 1927
1364 5321
1364 1663
1365 7904
1366 1778
1366 2786
1366 5845
1367 1689
1367 5647
1368 2294
1370 1657
1372 6189
1373 2593
1373 4933
1373 5509
1375 1473
1375 2533
1375 1990
1375 3498
1376 1548
1376 2877
1377 3655
1377 2730
1378 5339
1379 3414
1380 1588
1380 1882
1381 9362
1381 8059
1382 2145
1382 2092
1383 3643
1383 5996
1384 3054
1384 3791
1385 4993
1385 2295
1385 1960
1386 1481
1386 5162
1386 1467
1387 7043
1388 6129
1388 5570
1388 3179
1389 8199
1390 6250
1390 7034
1391 5195
1391 7275
1391 2316
1392 5360
1393 8677
1393 5503
1394 9179
1394 6509
1395 1956
1396 3095
1397 7077
1397 6344
1397 2170
1398 1507
1398 2068
1398 5415
1398 1850
1399 3971
1399 2445
1402 2739
1402 4119
1402 3564
1403 8867
1403 1871
1404 4884
1405 2066
1406 4048
1406 6854
1407 1520
1407 2578
1407 6615
1408 1680
1408 3618
1408 1802
1409 2498
1409 2075
1410 9579
1411 6400
1411 6986
1411 6171
1412 7688
1412 2475
1413 9764
1413 8438
1415 4677
1416 2639
1418 9466
1419 7316
1419 2021
1419 3879
1419 3167
1421 3427
1422 3638
1423 6217
1425 1809
1425 1875
1425 3929
1426 6534
1426 9929
1426 1967
1427 2177
1427 7974
1428 2729
1428 5913
1428 9917
1430 1919
1431 1890
1431 2324
1431 9013
1431 3593
1432 6358
1432 7483
1434 7896
1435 2147
1435 5876
1435 2184
1436 7442
1437 6529
1437 7572
1437 4581
1438 1863
1438 4249
1439 2617
1439 1482
1439 4013
1440 9931
1440 4543
1441 1735
1442 4326
1442 3259
1443 4835
1443 6632
1443 1983
1444 3880
1444 1531
1445 2193
1445 1772
1445 7534
1446 3460
1446 4228
1446 4903
1447 2758
1448 1681
1448 7225
1449 1911
1449 8635
1449 8779
1449 1885
1449 2269
1449 1678
1450 2450
1450 1988
1450 1946
1451 9776
1451 5762
1452 5894
1452 7642
1452 2174
1456 3245
1457 9575
1458 6476
1459 1922
1459 3619
1459 8019
1460 6386
1460 8666
1461 4067
1461 4470
1462 4016
1462 2116
1462 2508
1463 5190
1463 6807
1463 3595
1464 3158
1465 9574
1465 7503
1466 8645
1467 2049
1468 3056
1468 4176
1468 5281
1468 1909
1468 9223
1469 4490
1469 6844
1470 9098
1470 4732
1471 2929
1471 4954
1471 2143
1472 4258
1472 2501
1472 1629
1473 6533
1473 7865
1473 7929
1473 6106
1474 3840
1474 2165
1474 7942
1474 6487
1474 1672
1475 3714
1475 1684
1476 2197
1476 2984
1476 2347
1477 2554
1477 2668
1478 7065
1478 5292
1480 5183
1483 2548
1483 6693
1483 2502
1483 2780
1483 7055
1484 7794
1484 4997
1484 2859
1486 8656
1486 2058
1486 6943
1487 4670
1488 3091
1488 5158
1489 7011
1489 1975
1489 4429
1489 7166
1489 1999
1491 1749
1491 3270
1492 1535
1493 3713
1493 3899
1494 1938
1494 2292
1494 7372
1495 4832
1495 8033
1495 6021
1495 1855
1496 3217
1496 4306
1498 3328
1498 1521
1498 4941
1498 2910
1499 8328
1502 1847
1502 5129
1503 3922
1503 8954
1503 3357
1503 5870
1504 1616
1504 8711
1504 5144
1505 4880
1506 3327
1507 5569
1508 1522
1508 2425
1509 2272
1509 4061
1510 5507
1510 7640
1510 5066
1511 2622
1512 5330
1512 3444
1512 3033
1513 3937
1513 9788
1513 8863
1514 4784
1514 1587
1514 5476
1514 2982
1514 4424
1514 4761
1514 3853
1515 5313
1515 5417
1515 1902
1516 8657
1516 4460
1516 7007
1517 2077
1518 3698
1519 6948
1519 3750
1519 5373
1520 2289
1520 1656
1520 2123
1521 2209
1521 2306
1521 3396
1521 6957
1521 8126
1521 8462
1522 1783
1523 9644
1524 5248
1525 2288
1525 5736
1526 3136
1526 8500
1527 7916
1527 2781
1528 2675
1528 4467
1528 4647
1531 3506
1531 3818
1532 3485
1533 2313
1534 2512
1534 2114
1534 7820
1535 2146
1535 1637
1536 6672
1538 3264
1538 2583
1538 2714
1539 3446
1539 7322
1540 3777
1540 6994
1540 4393
1540 2042
1541 1670
1541 7917
1541 3678
1542 9412
1543 2378
1543 2718
1544 5186
1544 1736
1545 1552
1545 1952
1545 6903
1546 7097
1546 7274
1546 1806
1547 6800
1547 1898
1548 5851
1548 8302
1549 2773
1550 3522
1550 8922
1551 1607
1552 3786
1552 4026
1552 3771
1553 7875
1553 4618
1554 9876
1554 3770
1555 3018
1556 4561
1556 2226
1556 2084
1556 3316
1556 1752
1556 3882
1557 8718
1559 2503
1559 5517
1560 2192
1560 3472
1560 4160
1560 1764
1560 1878
1560 2038
1561 7985
1561 2604
1561 1613
1561 7053
1562 2665
1562 3467
1562 2188
1563 4057
1563 5453
1563 7661
1564 1730
1564 5698
1564 2748
1564 2207
1565 8112
1565 6485
1566 4266
1568 4482
1568 2237
1569 6736
1569 5779
1569 8501
1569 6951
1571 9280
1571 3220
1571 4733
1572 2570
1572 5261
1572 2543
1574 3152
1574 9238
1574 2509
1574 9533
1575 3073
1575 2265
1576 7687
1576 2940
1577 6413
1578 3509
1579 2057
1579 3006
1580 1677
1580 6077
1581 3637
1582 5395
1584 4510
1586 2015
1587 4682
1588 6311
1588 8727
1589 2577
1589 4786
1590 3630
1592 4278
1592 2335
1593 3356
1595 2608
1595 5959
1596 6033
1597 2118
1597 8601
1597 5738
1599 2963
1599 6884
1599 6007
1599 3272
1599 2141
1600 1714
1600 4098
1600 2109
1600 2367
1601 3712
1601 2885
1602 3344
1602 2482
1602 1748
1602 2741
1603 6768
1603 1943
1603 4237
1605 3584
1605 3693
1606 5456
1606 2785
1606 5412
1606 3739
1607 5533
1608 2698
1608 3773
1608 5998
1609 3830
1610 6576
1611 4719
1612 5833
1613 2089
1613 3531
1614 3842
1614 5429
1615 5105
1615 7351
1615 6669
1616 4353
1616 8916
1616 5916
1617 9186
1617 7134
1618 4609
1619 3317
1620 7905
1620 5317
1620 2568
1620 6794
1620 5278
1621 1953
1623 5893
1625 5459
1626 6331
1627 2899
1628 2341
1628 8838
1628 5614
1629 2550
1629 6076
1630 4130
1630 5383
1630 3581
1631 1845
1631 2630
1635 9640
1636 2672
1636 7298
1637 8502
1637 2842
1638 9436
1639 5767
1639 7031
1639 8152
1640 9279
1641 3154
1641 8483
1641 3242
1641 4799
1642 3745
1642 7553
1642 8585
1642 1695
1643 3717
1645 5403
1646 1698
1646 1763
1646 2389
1647 2778
1647 8862
1648 3680
1648 2182
1648 2827
1649 8485
1649 5755
1651 6402
1651 5827
1651 3031
1652 1864
1654 6834
1654 4404
1654 2693
1655 2474
1655 2762
1655 6396
1656 6241
1656 5077
1657 5201
1657 9998
1657 5391
1659 4810
1659 8076
1660 8165
1660 5515
1661 4683
1663 4705
1663 5640
1664 1866
1665 1696
1667 1701
1667 5255
1667 4412
1668 5877
1668 5080
1668 4366
1669 3814
1669 6072
1669 9996
1670 5157
1670 7973
1671 6453
1671 4471
1671 2318
1672 5232
1672 5259
1673 6073
1673 3533
1674 4480
1674 8163
1674 3845
1675 5345
1675 3459
1676 3950
1678 3163
1678 2670
1678 4351
1679 3353
1679 7546
1679 2909
1681 9940
1682 9767
1682 7709
1682 5086
1683 7578
1683 4589
1683 1886
1684 3949
1684 1727
1685 3572
1686 2979
1688 5460
1689 4781
1689 1839
1690 4625
1690 4316
1691 4865
1691 9030
1691 1719
1691 5769
1691 7102
1692 7236
1692 7254
1692 7580
1692 4031
1693 1942
1694 6135
1695 2709
1695 5018
1696 2833
1696 8530
1696 8331
1696 6031
1697 4038
1697 2297
1697 1951
1699 2279
1699 3565
1699 8877
1701 7682
1701 3113
1701 3834
1702 2238
1703 9136
1705 2104
1705 2572
1706 3907
1707 1808
1707 4645
1707 5688
1707 4443
1707 4124
1708 2050
1708 7037
1708 9215
1709 3863
1709 5016
1709 9883
1710 5030
1711 9100
1712 2268
1712 7388
1713 6843
1713 6494
1715 2112
1715 6127
1716 7247
1717 4059
1720 5618
1720 3787
1721 3953
1721 4235
1721 8379
1722 7926
1722 6808
1723 2626
1724 2763
1725 3667
1725 7098
1725 8108
1726 3449
1727 1793
1728 9232
1728 1761
1728 3147
1728 3707
1730 8773
1730 7257
1730 2204
1731 8545
1731 9361
1731 9780
1731 3765
1731 2826
1731 2683
1733 4309
1733 3000
1733 2988
1734 8580
1735 2551
1736 6080
1736 9814
1736 4839
1736 5847
1736 4798
1737 3156
1737 2520
1738 6172
1739 2435
1740 4749
1742 5812
1742 7492
1742 5863
1742 2927
1743 4087
1743 9692
1743 7438
1744 2464
1744 3889
1744 4850
1744 9442
1745 9768
1745 8106
1745 6317
1746 2007
1747 5414
1747 9036
1748 3846
1749 2855
1749 1976
1749 8026
1750 9862
1750 2045
1751 8324
1751 3579
1752 8449
1753 2610
1753 5683
1754 5092
1755 3443
1757 3123
1757 3284
1757 4614
1757 9961
1757 1773
1758 4693
1758 5621
1758 3562
1759 3122
1759 6923
1759 3726
1759 2399
1760 4247
1760 3304
1760 2442
1761 6595
1762 8516
1762 5304
1762 6299
1762 2958
1763 3170
1763 8455
1763 9975
1763 5262
1764 3088
1765 5444
1766 5728
1766 2430
1766 9791
1767 2803
1767 4380
1767 7100
1769 2930
1769 5382
1769 2887
1769 2029
1772 2913
1772 5439
1773 9272
1773 7385
1774 2580
1774 6234
1775 2421
1776 3350
1776 2315
1777 4427
1777 2717
1778 5203
1782 2395
1782 3499
1783 2616
1784 5763
1785 3382
1788 3339
1788 4573
1789 2006
1789 4845
1790 8117
1790 6970
1791 5369
1792 3202
1793 2386
1793 1798
1793 5311
1794 1970
1794 4575
1795 2695
1796 3936
1796 2033
1796 6658
1796 7366
1797 5305
1798 7476
1798 8710
1798 2846
1799 5091
1800 9281
1800 2217
1801 4073
1801 7407
1802 7190
1803 4099
1803 2381
1804 2067
1804 9332
1804 5645
1805 4641
1806 2720
1806 2587
1807 3057
1807 3646
1808 2036
1808 5224
1808 9838
1808 3023
1809 6561
1809 3939
1809 2438
1809 2383
1811 6621
1812 7016
1812 2810
1812 8732
1813 2236
1815 2048
1816 2086
1816 4924
1817 2904
1818 6895
1819 2944
1819 5408
1819 2134
1819 5834
1820 7210
1821 6532
1821 2490
1822 3157
1822 3194
1823 8504
1823 5962
1824 4859
1825 5258
1826 6035
1828 2690
1828 8627
1828 2214
1828 2491
1828 8139
1828 5358
1829 6278
1829 5527
1830 7761
1830 3355
1830 2783
1831 3858
1831 2951
1832 3582
1833 2018
1833 8696
1834 8996
1834 1899
1835 7568
1836 6057
1836 4398
1837 2309
1839 2163
1841 3751
1841 5479
1841 3016
1844 4182
1844 8749
1845 9469
1845 9519
1848 3901
1849 8362
1850 2816
1850 2884
1851 5978
1851 1867
1851 2301
1853 2063
1854 8768
1854 2322
1855 5649
1855 7038
1857 4081
1857 4516
1859 6163
1860 3973
1860 3303
1860 3370
1860 2523
1861 5468
1861 2863
1862 3336
1863 1985
1863 6281
1863 3084
1863 5884
1864 6791
1864 8031
1865 4563
1865 2094
1866 8050
1866 2136
1867 7130
1867 1932
1868 3999
1869 9760
1869 7325
1870 6993
1870 5895
1871 1873
1871 2860
1872 6086
1872 3207
1873 7791
1874 1963
1874 2079
1875 2772
1875 9638
1875 3215
1876 6883
1877 2656
1877 2536
1877 1996
1878 3107
1879 3976
1880 2096
1880 2811
1881 5952
1881 4877
1882 4437
1883 4628
1883 5047
1883 2921
1883 7419
1883 3005
1885 5969
1885 3061
1885 9769
1886 6646
1886 4103
1887 2547
1887 2031
1890 5264
1890 3490
1890 5571
1891 5253
1891 7798
1891 2731
1891 6063
1891 8943
1892 2943
1894 2325
1894 3981
1895 2117
1895 5718
1895 2621
1896 2264
1899 2444
1899 4847
1900 4172
1901 6442
1901 7230
1903 6814
1904 2263
1906 3740
1907 3458
1907 6022
1907 9704
1908 4114
1910 5486
1912 2594
1912 4791
1914 2496
1914 8771
1914 6452
1914 7369
1915 1969
1916 4053
1917 2153
1918 5033
1918 1935
1919 4946
1919 3432
1920 4741
1921 3265
1921 6355
1921 9108
1922 4280
1924 8437
1924 2059
1924 7981
1925 2817
1925 5813
1925 3551
1926 8705
1926 5085
1926 8334
1926 3951
1929 9105
1929 4458
1930 6306
1930 6602
1930 3679
1931 2034
1932 5556
1932 4869
1932 3527
1935 1991
1935 2686
1935 6735
1937 8896
1938 5832
1938 3469
1938 2654
1938 9935
1940 4301
1940 6623
1941 3684
1945 3671
1946 4349
1947 1957
1948 2541
1948 4157
1949 8622
1950 3058
1950 5337
1951 5490
1951 5641
1951 4826
1952 2179
1952 2692
1953 3093
1953 1962
1954 5193
1955 2244
1955 3333
1955 5947
1955 8876
1956 3329
1956 2299
1957 2387
1957 2526
1959 3287
1959 5052
1960 5633
1960 9001
1960 4511
1962 8099
1962 6522
1962 2159
1963 2083
1963 4964
1963 8109
1964 4291
1965 3040
1965 2233
1966 3410
1966 5477
1967 4963
1967 9483
1967 2191
1968 4820
1968 2375
1971 6692
1972 6340
1972 2470
1973 2416
1973 3280
1973 9835
1973 3134
1974 9893
1974 5948
1975 5222
1975 2407
1976 3955
1977 2705
1977 3110
1977 4218
1978 2310
1979 3969
1979 8588
1980 4611
1980 2216
1980 4585
1980 8156
1981 4627
1981 9657
1982 2976
1982 9075
1983 8631
1983 4505
1984 2529
1984 2584
1984 3948
1986 8528
1986 7234
1987 6011
1988 3210
1989 2283
1990 6008
1991 5484
1992 9267
1993 6082
1994 6083
1994 4661
1994 7006
1995 4134
1995 3178
1996 2051
1996 2451
1997 2111
1998 4308
1998 3389
1998 3359
2000 7201
2000 6915
2000 2102
2001 5220
2001 3047
2001 4154
2001 7071
2002 7179
2002 9867
2002 3038
2002 3855
2003 3906
2003 5452
2003 4254
2004 2949
2006 4095
2007 6481
2007 6829
2008 2100
2009 7339
2009 9260
2011 6437
2011 5739
2012 5333
2012 7087
2015 5023
2016 3125
2016 3225
2017 9284
2017 7340
2018 9171
2018 5594
2018 5756
2019 2391
2021 5393
2023 2211
2025 3334
2026 9617
2026 9110
2027 3080
2028 3980
2029 2185
2029 3545
2030 3385
2033 2804
2033 3966
2034 3585
2034 2468
2034 3588
2035 7588
2036 2080
2037 5046
2038 5801
2038 6894
2039 9193
2042 8323
2043 4648
2044 2922
2044 3003
2045 5963
2045 8699
2046 4619
2046 3295
2047 6262
2047 2157
2048 7734
2048 4940
2048 7948
2049 2678
2049 4006
2050 4433
2050 6394
2050 8748
2051 9200
2052 4899
2053 2928
2053 5990
2054 5279
2055 2339
2056 5440
2056 2829
2057 3045
2058 5938
2058 8659
2058 4982
2058 2591
2060 3124
2060 8606
2061 3028
2061 3620
2061 2293
2061 2282
2062 2166
2064 8280
2065 9265
2065 4327
2067 6913
2068 7800
2068 6382
2069 2605
2070 4949
2070 8391
2071 6650
2072 2645
2073 6675
2073 4117
2073 2838
2074 6045
2075 8162
2075 2101
2076 6633
2077 8052
2078 8624
2078 8356
2078 5465
2078 2812
2078 6670
2078 6766
2080 5627
2080 4925
2080 2862
2081 6763
2081 4317
2085 2900
2085 3849
2085 5566
2086 5455
2087 9268
2087 8519
2089 6301
2090 2527
2092 7632
2092 4090
2093 7538
2093 4922
2095 2380
2096 5254
2097 9889
2097 9828
2097 8837
2097 3806
2099 3718
2100 2492
2100 2270
2102 3851
2104 8202
2106 4110
2107 2198
2107 5050
2108 2978
2110 2581
2110 3989
2110 2871
2110 7806
2111 2915
2111 4996
2111 4935
2112 3857
2112 3112
2114 6574
2115 2208
2116 3193
2116 2415
2117 2556
2117 2333
2117 4942
2117 2319
2118 2133
2121 2890
2122 3118
2123 4281
2123 9950
2124 3137
2125 3952
2125 6603
2125 6029
2126 3800
2128 3330
2128 9039
2129 2651
2129 2412
2131 4166
2132 7824
2132 4118
2133 8947
2133 2745
2133 3465
2134 5013
2134 4710
2135 3075
2135 5572
2136 4983
2137 6320
2137 3972
2137 5323
2139 5815
2139 2172
2140 3555
2140 9002
2141 5482
2142 2481
2142 2202
2143 2918
2144 5026
2144 8228
2144 7262
2144 9678
2145 2215
2145 9463
2145 4376
2147 8349
2147 3343
2147 5615
2148 3249
2148 9985
2148 9020
2150 5189
2150 4155
2150 2799
2151 4960
2152 3471
2153 2725
2153 6811
2153 3294
2154 2880
2154 4251
2154 5214
2155 2752
2155 8582
2155 3785
2155 2892
2157 4407
2157 3832
2157 6190
2158 6832
2158 5493
2159 9623
2159 7433
2159 9801
2159 3035
2159 3307
2159 2589
2160 5489
2160 2924
2160 2701
2162 7773
2163 2797
2164 2801
2164 2886
2164 2250
2165 7920
2166 6404
2167 2366
2168 3312
2169 4003
2171 9836
2172 2260
2172 3415
2172 9263
2173 9491
2174 5937
2175 3489
2175 4754
2176 3731
2177 2220
2178 3286
2178 6731
2179 7457
2179 3683
2179 7880
2179 5194
2180 2189
2181 2228
2181 3748
2181 4663
2182 4431
2183 2307
2183 5285
2183 8542
2185 8289
2185 2820
2186 3544
2187 2248
2189 8277
2192 3206
2193 4822
2193 7446
2193 2759
2194 5891
2195 9952
2195 2691
2195 3237
2196 3296
2196 5547
2198 3365
2199 2448
2200 4603
2201 3526
2203 6983
2204 3666
2204 8554
2205 3440
2205 5302
2205 2223
2206 6770
2206 2532
2208 2677
2209 7491
2209 3019
2210 2800
2210 3439
2211 8785
2211 8424
2213 3121
2215 2511
2216 3599
2217 4005
2217 7466
2218 2882
2218 7658
2219 3364
2220 6881
2220 4440
2221 2631
2221 4120
2223 7780
2223 3263
2224 6679
2226 2273
2226 4792
2227 6949
2228 9632
2228 7051
2229 4272
2229 2674
2229 3241
2229 2747
2230 5562
2230 2539
2231 5909
2232 6737
2232 3651
2232 2437
2232 2586
2233 2515
2233 2441
2233 8879
2234 3404
2235 5188
2236 2449
2236 8915
2236 8167
2237 4416
2237 5401
2237 5881
2238 4779
2240 6875
2242 6785
2244 4904
2245 3902
2245 8942
2246 3735
2246 2457
2247 4557
2248 2417
2249 6608
2249 3931
2250 8187
2250 3423
2251 4842
2252 8721
2252 2782
2252 2830
2253 7249
2254 2346
2255 2443
2255 5372
2256 2706
2257 8817
2257 6520
2257 9134
2258 9521
2261 3573
2264 5936
2264 7362
2264 5466
2265 3570
2265 9173
2265 2350
2266 4848
2266 4422
2266 6423
2267 3780
2268 8717
2270 3809
2270 4305
2270 3699
2270 4198
2270 4215
2271 4385
2271 5153
2271 2819
2271 6271
2272 8587
2273 3041
2273 4035
2273 5987
2273 4651
2278 7332
2280 9330
2280 8203
2280 3262
2281 4279
2281 3615
2281 6527
2282 5628
2284 3029
2285 8515
2285 3847
2285 4334
2286 3251
2286 5849
2286 8878
2288 3127
2288 4043
2288 2461
2289 9763
2290 4994
2290 9586
2291 4802
2292 5663
2293 3063
2293 5179
2294 2321
2294 8706
2295 3724
2297 6041
2298 6245
2298 2519
2298 3079
2299 6645
2302 6050
2303 3025
2303 9048
2304 3450
2304 3196
2304 7292
2304 4109
2305 2469
2305 5413
2305 6842
2306 4001
2306 9012
2307 6112
2307 8236
2308 3904
2308 5458
2308 3036
2309 3885
2310 9065
2310 2331
2310 3261
2311 8612
2311 4892
2311 4302
2312 3957
2313 2625
2313 3732
2313 2792
2313 3099
2314 6773
2314 5133
2314 4270
2315 2356
2315 2868
2315 4262
2315 2953
2315 6218
2317 2592
2317 4821
2318 5478
2320 5040
2320 3283
2321 5072
2321 4356
2322 2957
2324 5446
2324 8840
2325 4115
2325 7652
2325 2760
2325 4542
2326 8003
2326 3700
2327 2835
2327 3015
2327 3021
2327 3197
2329 7450
2329 7163
2330 3457
2330 7589
2330 7193
2331 3558
2331 7054
2332 7659
2332 4844
2333 5660
2334 2947
2334 3255
2335 2454
2335 3014
2336 4286
2337 4961
2337 4086
2337 6710
2337 5950
2338 3464
2339 7745
2339 3132
2340 9955
2340 2633
2340 8525
2341 6397
2342 4145
2342 4673
2344 6272
2344 8998
2344 8060
2344 8142
2346 3153
2346 9378
2346 3285
2347 7220
2347 5029
2347 3575
2351 3172
2351 3066
2352 3106
2352 3411
2352 4698
2353 2719
2354 4168
2354 3102
2354 9726
2355 6757
2355 2459
2358 4451
2359 3538
2360 4595
2360 2653
2361 9449
2361 6175
2362 3126
2363 4724
2363 6504
2363 7486
2364 6065
2365 8579
2365 3503
2366 6333
2367 5017
2370 2933
2370 2632
2372 4576
2372 5121
2372 4760
2372 4717
2373 6225
2373 6361
2373 2732
2375 7227
2376 2644
2376 4971
2379 8759
2380 5859
2380 5126
2381 3456
2381 5054
2382 2571
2382 6062
2383 2540
2384 2956
2385 4723
2385 2484
2385 4517
2385 6954
2385 4718
2387 5537
2387 3191
2387 3930
2388 9417
2388 4475
2391 6448
2391 3994
2392 5510
2392 6136
2394 2667
2396 9537
2397 4252
2399 5166
2400 6273
2401 3232
2401 5661
2402 2466
2402 4357
2402 4022
2403 6017
2403 3342
2404 4770
2404 7416
2405 4019
2406 7386
2406 2893
2407 3612
2408 3881
2410 6028
2410 2446
2411 2843
2411 5871
2412 8457
2412 8765
2413 6539
2413 3759
2415 8080
2415 2897
2417 4479
2418 7093
2418 3887
2419 4323
2419 2821
2419 9775
2420 8123
2421 3219
2421 4852
2422 2433
2422 5605
2423 4544
2423 8910
2425 5873
2425 2754
2425 4739
2425 4341
2426 2544
2426 4938
2427 5067
2429 6441
2430 4569
2431 7489
2431 2471
2431 5831
2432 2916
2432 2766
2432 5646
2433 3072
2433 5550
2434 6026
2434 3198
2435 4216
2436 5680
2436 8736
2436 2787
2436 7550
2437 3559
2438 2815
2438 6975
2439 5691
2440 4531
2440 7959
2441 3884
2442 9121
2442 6573
2442 7295
2445 3825
2445 9959
2445 7931
2446 8341
2446 2671
2448 5020
2449 4276
2449 3932
2450 8534
2450 6503
2450 9693
2451 4056
2452 4197
2454 7393
2454 6232
2455 8431
2456 3521
2456 3822
2457 3360
2457 4426
2458 6805
2458 7575
2459 2960
2462 4165
2462 5407
2463 5081
2464 8949
2464 9270
2464 8425
2464 3086
2465 3776
2465 5042
2465 4004
2465 3479
2465 4686
2466 2753
2466 3560
2466 9390
2468 3701
2468 4151
2469 3601
2469 8523
2470 4128
2470 5697
2470 6867
2470 5567
2471 4177
2471 3204
2471 3622
2472 2985
2473 6753
2473 7591
2473 5464
2473 2510
2474 3523
2474 8855
2474 4318
2476 5236
2476 6347
2477 5910
2478 6068
2479 7653
2479 5929
2479 8827
2482 6688
2482 5630
2486 2531
2486 3305
2487 2851
2488 8929
2489 6944
2490 2517
2490 8650
2491 5238
2492 6105
2493 2685
2493 3613
2494 2715
2494 3166
2495 3108
2496 5586
2496 5830
2498 4617
2498 6523
2500 3529
2500 9389
2502 4626
2502 6818
2503 4696
2504 9025
2504 4555
2504 4173
2505 5902
2506 6789
2507 6907
2508 2938
2509 6852
2509 6206
2510 2708
2511 4100
2512 4757
2512 5772
2513 4185
2513 4298
2515 4885
2515 2655
2515 5823
2517 9954
2517 4027
2517 3246
2518 8908
2519 8887
2520 2784
2520 9991
2522 4753
2522 5703
2522 6458
2523 3390
2528 2660
2528 2840
2529 9181
2530 7122
2530 3226
2531 5651
2531 3574
2532 4477
2534 3961
2534 3022
2535 4788
2535 3926
2536 3293
2537 3617
2537 2602
2538 9670
2539 5090
2539 7765
2539 2700
2542 3234
2542 5154
2542 7813
2542 7895
2542 8648
2542 5501
2543 3413
2543 9721
2543 4238
2544 7856
2544 4299
2545 5552
2545 4675
2546 4598
2547 5172
2547 6678
2548 7600
2549 8422
2550 4876
2551 2813
2554 8209
2554 2749
2555 3744
2555 4498
2555 3603
2555 2942
2556 6178
2556 5598
2557 7825
2557 3833
2557 5353
2560 5250
2560 2999
2560 4239
2561 5700
2562 5826
2562 2614
2562 7278
2563 3276
2565 4457
2565 6137
2565 8042
2565 5051
2567 9070
2568 5132
2569 2902
2569 7030
2570 4468
2572 5538
2573 7967
2574 9040
2574 8686
2576 4430
2577 9269
2578 6882
2578 7110
2579 8920
2579 3823
2581 9476
2582 8385
2582 3051
2583 7759
2586 5184
2586 2995
2586 8102
2586 3610
2586 6334
2587 3397
2587 7944
2587 6508
2588 6036
2588 2997
2588 4509
2589 4504
2590 2857
2592 9887
2594 5750
2598 2722
2598 7676
2598 8671
2600 6526
2602 4321
2604 5648
2604 4978
2604 3811
2605 6156
2607 6353
2607 2697
2607 3691
2607 5758
2608 4304
2608 9376
2608 3543
2609 4776
2609 8428
2610 3224
2613 3007
2613 3375
2614 3568
2614 4588
2615 9674
2617 3974
2617 7997
2618 2636
2619 2789
2619 4205
2619 9037
2620 4919
2620 9897
2621 9046
2621 6617
2621 8796
2622 3447
2624 3536
2624 6947
2624 9624
2625 5565
2626 5120
2626 3674
2630 6269
2631 5044
2631 6407
2631 3292
2632 4793
2633 8283
2635 9475
2635 2775
2635 7342
2636 7744
2636 5939
2636 2998
2637 5451
2639 3302
2639 3694
2640 5260
2640 7373
2641 6484
2641 3801
2642 6144
2643 3515
2644 5173
2644 4988
2645 4065
2645 8035
2646 7336
2647 7378
2647 2891
2648 5449
2648 5069
2649 6730
2649 7500
2654 3208
2655 3297
2655 4593
2655 6196
2655 3037
2657 9380
2657 3789
2658 7938
2658 8056
2659 9594
2661 3128
2661 4328
2661 8568
2661 6921
2662 3883
2664 4930
2664 8899
2665 2872
2665 5181
2665 3182
2667 7266
2667 2669
2668 7726
2670 2834
2673 4350
2676 2848
2677 3070
2678 4692
2678 8906
2680 7863
2681 6162
2681 7118
2683 5377
2687 4765
2688 3454
2689 6865
2690 3996
2691 3083
2692 6107
2692 4636
2694 3017
2694 8846
2695 5696
2695 3571
2695 3221
2700 8847
2701 5522
2701 4359
2702 3708
2702 4476
2703 4695
2704 3314
2705 6349
2706 3850
2707 4944
2707 6976
2707 9909
2711 9508
2712 4080
2712 5809
2713 2724
2714 6224
2714 3795
2714 6154
2715 7769
2715 8201
2716 3335
2716 3273
2716 8475
2716 5838
2716 3935
2718 4051
2718 9799
2719 8505
2719 4399
2721 4545
2721 8466
2721 4333
2722 9762
2722 6644
2722 3238
2722 7720
2724 9541
2724 4029
2725 3252
2726 7022
2727 3831
2728 3737
2729 6044
2730 2934
2731 4572
2732 9911
2732 8393
2735 3540
2735 5060
2735 5638
2735 4191
2737 5777
2737 5039
2738 3513
2739 6096
2739 2839
2740 5159
2742 5041
2742 6019
2745 4023
2745 3289
2746 4188
2746 8332
2748 5100
2749 8881
2750 3561
2751 4640
2752 3011
2752 6618
2753 6070
2756 4515
2757 3736
2757 2975
2758 3030
2759 5187
2761 3668
2761 7535
2763 4210
2763 8266
2764 4615
2764 9567
2765 3085
2766 5234
2767 8608
2767 6354
2768 5282
2768 4232
2769 9336
2770 2849
2770 3569
2770 7539
2770 8492
2770 6446
2771 3119
2772 4064
2772 4283
2773 4898
2773 7465
2774 8584
2774 6283
2774 7678
2776 4738
2777 8598
2777 5420
2780 4400
2780 6067
2780 3757
2781 5012
2783 6030
2785 4372
2785 3400
2786 3473
2786 8499
2786 3688
2788 6341
2789 3409
2789 4737
2789 4650
2791 7697
2791 6173
2792 5907
2793 4112
2793 6110
2796 8014
2797 3027
2798 5839
2799 4107
2800 7851
2802 4002
2802 7907
2802 4805
2802 9226
2803 8679
2803 5867
2804 4068
2804 4342
2804 7543
2804 3098
2804 9437
2804 3199
2807 8288
2810 4361
2810 7068
2812 4343
2812 5287
2813 3379
2813 8845
2814 3141
2814 8700
2815 4998
2815 4091
2817 4813
2818 3032
2818 7979
2818 8558
2819 9720
2820 4712
2821 4290
2821 3129
2822 7048
2827 8200
2827 2907
2828 8795
2829 8651
2832 5692
2832 5742
2833 5829
2833 2870
2833 3903
2834 8918
2834 3483
2834 3391
2836 4992
2836 2993
2836 9154
2836 6831
2837 5989
2837 3692
2838 6276
2838 4469
2838 3227
2839 3716
2839 6745
2840 3361
2840 7753
2842 8401
2843 8305
2843 9350
2844 3475
2844 2936
2846 2926
2847 4136
2847 3979
2848 7238
2849 5097
2849 6955
2849 6493
2850 8022
2850 8189
2851 9010
2851 6309
2851 7112
2851 4378
2851 4926
2852 3442
2852 5269
2853 8128
2853 5309
2854 4846
2858 4192
2858 6490
2859 3009
2860 3171
2860 3228
2860 5901
2862 4604
2863 4729
2864 5741
2864 7150
2866 8728
2867 3175
2868 9169
2868 6213
2868 3430
2868 3913
2868 3468
2869 2896
2869 7626
2870 6049
2870 8119
2871 3090
2871 3576
2872 4800
2872 9576
2872 3964
2872 7199
2873 7517
2874 3218
2874 9172
2874 2935
2875 7965
2875 3071
2876 4945
2876 9895
2876 7627
2877 6280
2878 3010
2878 5286
2878 9643
2880 4108
2882 3094
2882 5816
2883 5672
2884 3254
2884 7032
2884 4751
2886 4656
2886 4244
2886 6511
2888 9960
2888 4363
2889 7908
2890 8625
2890 3650
2891 6952
2891 5037
2892 8470
2892 6445
2893 3827
2893 6963
2895 8999
2895 6088
2897 8130
2897 9510
2897 5864
2897 4574
2899 2945
2899 7458
2899 3608
2899 9180
2900 8814
2901 3148
2902 6231
2904 5890
2904 8975
2905 7816
2905 9754
2906 3433
2906 6332
2907 4153
2909 3461
2910 9120
2910 2959
2912 4873
2913 3282
2913 3956
2913 5125
2913 3311
2915 5979
2916 3235
2917 6817
2917 3508
2918 7063
2918 9591
2921 4913
2921 3076
2921 6988
2922 3380
2925 7638
2928 5049
2929 5000
2930 5204
2931 9570
2931 7349
2931 4863
2932 6801
2934 3474
2936 9060
2937 6064
2938 3078
2939 5280
2939 6486
2939 7383
2940 5021
2941 5753
2942 9910
2943 8480
2945 8259
2948 5148
2949 9088
2949 3074
2952 9408
2952 3103
2953 7634
2955 6385
2955 5526
2956 3105
2957 3049
2957 4921
2957 9563
2959 3626
2960 3187
2960 9231
2962 3300
2962 3772
2964 3020
2966 3060
2967 3143
2968 9963
2969 3183
2971 5704
2972 4748
2972 4911
2974 3997
2974 3583
2976 4900
2979 7671
2979 7565
2980 4097
2981 9560
2981 5643
2982 3578
2983 6750
2985 3632
2985 5819
2985 4381
2989 5406
2989 7423
2990 5862
2990 3817
2991 5684
2992 8484
2992 3898
2992 5354
2992 8316
2995 5817
2995 3231
2996 3696
2997 4580
2997 3912
2999 7779
2999 4664
3000 7455
3002 6342
3005 5266
3005 3660
3007 9022
3008 5848
3008 5740
3011 4678
3012 5521
3013 6150
3013 9958
3014 4736
3014 7246
3015 4824
3017 4532
3017 3077
3017 3605
3020 6501
3021 7216
3021 6380
3021 3837
3023 8670
3023 9727
3024 9090
3025 5300
3025 3288
3025 8729
3025 4523
3025 3741
3026 7200
3026 3064
3026 3657
3027 3425
3027 5953
3027 3963
3028 7837
3028 9277
3029 7822
3030 8828
3032 3067
3036 7650
3037 5425
3037 8285
3040 5923
3040 6491
3041 4135
3044 4229
3044 4055
3044 3418
3047 3493
3047 3557
3047 3351
3047 4583
3047 8410
3048 5299
3048 7367
3049 7660
3050 8556
3051 3243
3052 7331
3052 3325
3053 6001
3055 5922
3055 5512
3055 7887
3056 8242
3056 9496
3057 3331
3060 3778
3060 5123
3060 5252
3060 6219
3060 7021
3060 3407
3061 3762
3061 9246
3062 6115
3063 5296
3063 6256
3063 8962
3064 3808
3064 9765
3065 5009
3065 3591
3065 9130
3067 4161
3067 6216
3068 3484
3069 3715
3069 9199
3070 3836
3071 7573
3071 5919
3073 3790
3074 9723
3075 5776
3075 7028
3076 4116
3076 8790
3076 8153
3079 3566
3080 4307
3081 5520
3083 5713
3084 3670
3085 7911
3086 3412
3087 3805
3088 5699
3088 3766
3089 8072
3090 3826
3090 8053
3090 3960
3091 5319
3091 5930
3092 8520
3093 3354
3094 4666
3094 7116
3095 4764
3097 4269
3099 5805
3099 4319
3100 8369
3101 3176
3102 7559
3102 8392
3102 5789
3104 3918
3105 8694
3105 8551
3107 8801
3107 4183
3107 5196
3109 9201
3109 3394
3109 8562
3109 7835
3110 5462
3111 3804
3112 5666
3114 5082
3114 6557
3116 8621
3118 3398
3120 4438
3121 3848
3122 3600
3122 5424
3122 5314
3122 3868
3123 7681
3125 8138
3127 4060
3128 7923
3128 3318
3129 3793
3129 5174
3131 5524
3132 5654
3132 7838
3134 3378
3134 9397
3134 8630
3135 7232
3135 3203
3135 3159
3137 7699
3137 3236
3137 5387
3137 3486
3138 6704
3138 3641
3139 3648
3139 5380
3141 5139
3142 4825
3143 8275
3143 4396
3144 5985
3144 6580
3144 8075
3145 3180
3145 5710
3148 3347
3148 9523
3148 3675
3148 4462
3149 3596
3150 4659
3150 3878
3151 4962
3151 8002
3152 7993
3153 4920
3155 8911
3156 3894
3157 7288
3157 3277
3158 4179
3160 7283
3160 4871
3162 8594
3164 5592
3166 5904
3166 7456
3167 4397
3167 9903
3168 5031
3170 4379
3171 6554
3172 4070
3173 4034
3173 7139
3174 5504
3174 6788
3174 7639
3174 4489
3174 4811
3175 4722
3177 3512
3178 5084
3179 3796
3179 3495
3179 7615
3180 6268
3181 6197
3182 4887
3186 4774
3187 3783
3187 4568
3187 4106
3188 6592
3189 8849
3190 8886
3191 3528
3193 4178
3194 9074
3196 8372
3197 9712
3197 5573
3197 6254
3198 6118
3198 4375
3199 4928
3204 4243
3204 4853
3206 3233
3206 4362
3208 5128
3210 5409
3210 5766
3211 7666
3211 7763
3211 4731
3211 6892
3212 8866
3212 7370
3213 4277
3213 9191
3214 3267
3214 7768
3215 4694
3215 4687
3216 9827
3220 3982
3222 4297
3222 3308
3224 6929
3224 5798
3225 7132
3226 3988
3228 3539
3231 9494
3233 9736
3236 9266
3236 6583
3237 5109
3237 8350
3237 6863
3238 8512
3239 8764
3241 7251
3241 4968
3242 6544
3242 4311
3243 5431
3244 5202
3244 8723
3244 3403
3245 3553
3245 7217
3245 9254
3245 6535
3245 6298
3247 3278
3251 7010
3251 9347
3251 7737
3252 9138
3255 5270
3256 8079
3257 4293
3257 3546
3259 5757
3260 6550
3262 7622
3263 5227
3263 8957
3264 9992
3265 6414
3267 9774
3268 6147
3270 8871
3270 3435
3275 7526
3276 5284
3277 6796
3278 3496
3278 9167
3279 9744
3279 8443
3280 7376
3281 6375
3281 9383
3282 5747
3282 6392
3285 7874
3286 3492
3289 8981
3289 3815
3289 6408
3289 6636
3290 7857
3292 6432
3292 4296
3293 4310
3294 9664
3295 5607
3296 8354
3298 3500
3299 7836
3300 5942
3301 7581
3302 5602
3303 4226
3305 3589
3306 4534
3306 4923
3307 4587
3307 3631
3308 6246
3309 9198
3311 5160
3312 6725
3313 7764
3314 4162
3315 7025
3315 6582
3315 5898
3315 4045
3316 6927
3317 4780
3318 4373
3318 9259
3318 5836
3319 6838
3319 3673
3321 7894
3321 9274
3321 5499
3322 4384
3322 5655
3322 4874
3323 9353
3324 5400
3324 5626
3325 8269
3326 7715
3327 3636
3327 7174
3328 7728
3328 6513
3328 5976
3329 5229
3330 4225
3330 4434
3330 9731
3331 5332
3331 5737
3336 8898
3339 5729
3339 5593
3339 6700
3340 7445
3342 5689
3343 5551
3347 7072
3347 8770
3348 8183
3349 8972
3350 5242
3351 3998
3351 5230
3352 3946
3353 5095
3354 6962
3354 7352
3354 6140
3356 5150
3356 3743
3358 9620
3359 5761
3359 8070
3361 6177
3361 6211
3362 9450
3364 4184
3365 4018
3365 8453
3367 3417
3367 7113
3367 6572
3367 8812
3368 5122
3373 8752
3373 4906
3373 4140
3374 3477
3374 5423
3375 3829
3376 4037
3376 4394
3376 5693
3377 4403
3377 8271
3378 3535
3379 4912
3381 6158
3382 3402
3384 9156
3385 7956
3385 7389
3386 5059
3386 4284
3387 5600
3387 7125
3389 3888
3389 7090
3389 3775
3390 5770
3391 4365
3393 4331
3394 8164
3394 4314
3396 4009
3399 8180
3400 6846
3402 4514
3404 4700
3405 3938
3407 3812
3408 6779
3408 4685
3409 7906
3411 6228
3411 4905
3413 5608
3413 5131
3413 9359
3414 7120
3415 5721
3416 6893
3417 3721
3418 4189
3418 4142
3419 5781
3419 6426
3420 6290
3422 7738
3423 6321
3423 9718
3423 4234
3423 9659
3424 6876
3426 4728
3426 3727
3427 3923
3427 6138
3432 9464
3434 4775
3436 4435
3436 7949
3437 9092
3439 3749
3439 7623
3440 6809
3440 9708
3440 6958
3440 7214
3442 4744
3443 9289
3445 9939
3445 5866
3447 4947
3447 9295
3448 4502
3449 8170
3449 5854
3450 5096
3450 7197
3451 7756
3452 7542
3452 4590
3454 5810
3454 5124
3454 9654
3454 6170
3457 5307
3459 6746
3459 5531
3460 5988
3460 3820
3461 4303
3463 4200
3463 7885
3464 6515
3464 8374
3465 4104
3469 4347
3470 8757
3471 6308
3472 3895
3474 6703
3475 8448
3476 8923
3478 9808
3483 5657
3483 6815
3485 3986
3485 5350
3485 6169
3485 9789
3487 6906
3487 9451
3487 3756
3487 4605
3488 3577
3488 5257
3489 7971
3489 4152
3490 6771
3490 6647
3491 7480
3492 6013
3493 9144
3494 6315
3496 5518
3497 6860
3498 5328
3499 3869
3500 3942
3501 4551
3503 9542
3504 4578
3504 7631
3505 3860
3506 5421
3506 9311
3507 6837
3508 3624
3511 8952
3512 9411
3512 5892
3512 5577
3513 4150
3513 6536
3515 5716
3515 4953
3516 6721
3516 7841
3518 6960
3519 9669
3519 5418
3520 6237
3522 3524
3523 7597
3524 6698
3525 8090
3526 4377
3529 9631
3531 7998
3533 9675
3535 6659
3536 4711
3537 6517
3538 7127
3538 3774
3540 9056
3540 6761
3541 3604
3541 8489
3542 7861
3543 5678
3547 5381
3547 5673
3549 6123
3550 6258
3553 6874
3557 9892
3557 6677
3557 4796
3560 4231
3562 6873
3563 5986
3563 5438
3564 5575
3565 6236
3565 4158
3566 7310
3568 4689
3568 5404
3569 7624
3569 4681
3570 9593
3571 3864
3572 8976
3572 5267
3573 4449
3573 9953
3573 4167
3576 8913
3577 5653
3578 6337
3578 4973
3581 6434
3581 4420
3581 9015
3582 3954
3583 7556
3583 9485
3583 6191
3585 5168
3587 9468
3587 9805
3590 7750
3590 6733
3591 9035
3592 6729
3592 8461
3592 4639
3594 9859
3595 5032
3596 7522
3596 5590
3597 7188
3598 7718
3599 5555
3600 5911
3601 5665
3602 5165
3604 8247
3605 4011
3607 9795
3608 4369
3609 6718
3612 9850
3613 5147
3613 4909
3615 8769
3615 7975
3616 6825
3617 6146
3618 6613
3619 4320
3620 4549
3621 3872
3621 5273
3621 9738
3624 4008
3625 6428
3626 7584
3628 5717
3628 5886
3631 8373
3632 3867
3633 4674
3633 5548
3634 8933
3634 8406
3634 9372
3634 9711
3635 8712
3636 7023
3637 6006
3638 3824
3638 6897
3638 6488
3638 7289
3639 6370
3640 7571
3641 8994
3642 3649
3642 8698
3643 7647
3644 4745
3647 4199
3647 6760
3647 8859
3649 6367
3650 9908
3654 5014
3655 8901
3656 6496
3656 4389
3657 6451
3658 7136
3658 4881
3658 7797
3658 5639
3659 3828
3659 9069
3660 9168
3660 9117
3661 7815
3662 7830
3663 4932
3665 7693
3667 9904
3667 6552
3667 5662
3669 6781
3670 6777
3671 4546
3672 8965
3673 8011
3673 3934
3674 6248
3675 8970
3676 4644
3676 6542
3677 9968
3677 6798
3678 5780
3678 8440
3678 5470
3681 5108
3682 4857
3683 8756
3683 7464
3683 7050
3683 5245
3684 6849
3684 4804
3686 9694
3688 9761
3688 7746
3688 8098
3688 7036
3689 4600
3690 9306
3692 6851
3693 4024
3695 6467
3696 6933
3697 3728
3697 7425
3702 5682
3703 5427
3705 7562
3707 7523
3707 3983
3709 9063
3709 8602
3710 8127
3711 9202
3711 5955
3712 6711
3713 8563
3714 4483
3716 5668
3717 6480
3717 7876
3718 6868
3718 6152
3719 4282
3720 4146
3720 4984
3721 8067
3721 7805
3722 6399
3723 4591
3724 7324
3725 6034
3725 5498
3727 4653
3727 5341
3727 7663
3728 6305
3728 3859
3728 5219
3728 6826
3728 5487
3729 6462
3730 7633
3731 4929
3732 4076
3733 6706
3733 7796
3733 3754
3735 6470
3735 6489
3736 4208
3738 5089
3738 9335
3739 6161
3740 4552
3741 5715
3743 5288
3743 4265
3744 7076
3744 6120
3746 4970
3747 7934
3749 6419
3750 6551
3750 7927
3753 6091
3754 5212
3756 6395
3756 9388
3758 4388
3758 7320
3759 4631
3759 5687
3760 5011
3764 6936
3764 9146
3765 5855
3765 9487
3766 8057
3766 4125
3766 6751
3767 8482
3767 4089
3768 7510
3768 7356
3772 4101
3773 3993
3774 4459
3776 5999
3778 5235
3778 5733
3780 7095
3780 4956
3780 4271
3782 4833
3782 8094
3782 8191
3783 4132
3783 6293
3783 4856
3783 5513
3784 3927
3786 5915
3787 6100
3788 6275
3788 6230
3790 5225
3790 8010
3793 4536
3796 7449
3796 5514
3796 7946
3797 6071
3800 4612
3800 5578
3801 7117
3803 7520
3805 5488
3808 7596
3809 7810
3812 5130
3812 9999
3813 4891
3814 5818
3814 4447
3816 5664
3816 4455
3817 5588
3817 7221
3817 9113
3819 6634
3819 7803
3820 5107
3820 9395
3821 4275
3822 9087
3823 8371
3826 9471
3830 6702
3830 9166
3831 4622
3834 6357
3834 9717
3834 8774
3834 8376
3835 5670
3837 5117
3838 5058
3840 8136
3841 9178
3841 6701
3843 7350
3846 9501
3846 5006
3848 6199
3848 7854
3850 4535
3850 5359
3851 5861
3853 4025
3855 4339
3855 6982
3855 6348
3855 9149
3856 8085
3856 5576
3858 9589
3858 8572
3860 4507
3860 4174
3861 7308
3862 6151
3862 4858
3863 9441
3863 8818
3864 5388
3868 6024
3870 6455
3871 6363
3872 8358
3873 8386
3873 7094
3873 9097
3875 9518
3876 4088
3877 4746
3878 7479
3878 5099
3879 5142
3879 6264
3880 6925
3884 8078
3886 4501
3889 5094
3890 8637
3891 8676
3891 9453
3892 5591
3893 5216
3893 6519
3895 4897
3895 6953
3896 7133
3897 7135
3898 4129
3898 4071
3899 6243
3900 5088
3900 9616
3900 6052
3901 5136
3901 7477
3901 5887
3902 4450
3902 5564
3903 9221
3904 7651
3904 7914
3905 4836
3907 9363
3908 8950
3910 6303
3911 8249
3911 7403
3912 7989
3912 3977
3913 3914
3914 9553
3914 5430
3915 4194
3915 7143
3915 7001
3918 3921
3918 7161
3918 7870
3919 8412
3920 4201
3920 5290
3921 8007
3921 4538
3922 5765
3923 7708
3925 7551
3926 4418
3926 5794
3926 5879
3927 4528
3928 8467
3928 9241
3929 8600
3930 6684
3931 6130
3931 8518
3931 4952
3932 4537
3933 5982
3934 5603
3935 4819
3936 5152
3937 9785
3937 4143
3938 6528
3939 7487
3942 6075
3942 9771
3943 9182
3945 6412
3946 4807
3947 9033
3952 5185
3952 5351
3953 6089
3953 9532
3953 7549
3954 4525
3955 7932
3958 6862
3959 8555
3961 7282
3961 5814
3962 5448
3964 4259
3964 7284
3965 9844
3965 8326
3965 6093
3965 5055
3966 6540
3967 4577
3968 6016
3968 4894
3971 9152
3971 7009
3971 5497
3973 4066
3974 8021
3974 5294
3975 8298
3977 4667
3977 6319
3979 7512
3981 4072
3981 9304
3984 6992
3984 6289
3985 6853
3988 4652
3989 4679
3989 7335
3989 5275
3992 4977
3992 9673
3994 4181
3995 7827
3996 7729
3996 9401
3997 7599
3998 4795
4000 6457
4000 9547
4001 4492
4002 8394
4003 4771
4003 4164
4003 5397
4003 7435
4005 7305
4005 6220
4006 7514
4007 9980
4008 9009
4009 4496
4009 9681
4009 9943
4009 5821
4011 5754
4013 4358
4013 6326
4014 5532
4015 5312
4015 6056
4016 7656
4020 7185
4021 5176
4023 4872
4024 7646
4025 4541
4028 7431
4029 5944
4030 8250
4032 4500
4033 6639
4033 6799
4034 5973
4036 6795
4037 4233
4037 8030
4039 8286
4040 8193
4041 7338
4042 5116
4042 5325
4043 9888
4043 5558
4045 4762
4048 4220
4051 7319
4052 4565
4053 7091
4053 6101
4054 9872
4054 4330
4055 8131
4055 6500
4055 4843
4055 7070
4056 5842
4056 8527
4059 4613
4061 8211
4062 4632
4063 9034
4063 6239
4064 4219
4064 4478
4066 5064
4067 9338
4067 5134
4069 7717
4070 4187
4072 6095
4073 5171
4076 6629
4079 7018
4079 7341
4079 5375
4082 7891
4083 4354
4085 4662
4086 8740
4089 5306
4090 4257
4090 4195
4093 7858
4093 6563
4093 6373
4095 6482
4095 7060
4095 5525
4095 5791
4097 4402
4098 4300
4099 5702
4099 5784
4099 6111
4101 9730
4102 4987
4103 4432
4104 5788
4104 7502
4104 4127
4105 5975
4107 8497
4109 9649
4110 5679
4110 7839
4112 6559
4113 7859
4113 5974
4113 6537
4113 5247
4116 6581
4121 8404
4121 7482
4121 9562
4122 6934
4122 5695
4124 5398
4125 7073
4127 8641
4129 8196
4129 4190
4130 8868
4131 4497
4132 5972
4133 7411
4133 4294
4133 4910
4134 4444
4136 6012
4138 4743
4138 5293
4139 7271
4139 4684
4139 4367
4140 7314
4141 7323
4142 6699
4144 8382
4145 4453
4145 6886
4147 5457
4147 6327
4148 9079
4150 8532
4150 4170
4151 4524
4151 4526
4155 6904
4155 4570
4156 4979
4156 6059
4156 5390
4161 6657
4162 9143
4164 7233
4164 7235
4165 9907
4165 9327
4166 7155
4167 9920
4171 9420
4173 6235
4174 4221
4175 6460
4176 6128
4176 4345
4177 9067
4178 4797
4180 5635
4180 4895
4181 4790
4181 7307
4185 4727
4187 4854
4188 5585
4188 4391
4190 4425
4191 7845
4191 9433
4191 5118
4192 9816
4195 7504
4200 4263
4200 4701
4203 6758
4205 4951
4205 8941
4208 5467
4211 7506
4213 8040
4213 5035
4215 7909
4216 4803
4217 7441
4218 8240
4218 9964
4219 8992
4219 6116
4219 5624
4220 7570
4221 9874
4221 8472
4224 5751
4226 6074
4226 6767
4228 6848
4230 5554
4230 8509
4231 7371
4235 4242
4235 6543
4237 8296
4238 5445
4239 4654
4240 9634
4241 9217
4241 9778
4241 8741
4241 5340
4244 7519
4245 4287
4246 5246
4247 8229
4248 4755
4249 5731
4249 6635
4251 8753
4251 5644
4252 8115
4254 9282
4254 8227
4255 4368
4255 5536
4255 6530
4258 8751
4260 4709
4263 7104
4263 9642
4264 6740
4265 8318
4266 8317
4268 9050
4269 4742
4271 7354
4272 4584
4273 6941
4274 8780
4275 4436
4277 6648
4279 6167
4279 4860
4280 8366
4286 4703
4286 9583
4288 5003
4289 7579
4290 5992
4294 6656
4294 5137
4295 9328
4296 8206
4297 7140
4299 6668
4302 6032
4302 5243
4305 4691
4306 6902
4308 7169
4310 4348
4312 6685
4313 7082
4314 5790
4315 5712
4317 6010
4318 7206
4320 4699
4322 5322
4322 7918
4324 9160
4325 5473
4325 9707
4326 8204
4328 7705
4328 6314
4331 5303
4335 7196
4335 7884
4336 5143
4337 5560
4341 6759
4346 5469
4347 7424
4348 6942
4351 6734
4353 6359
4354 5681
4354 6978
4354 5613
4355 8581
4355 8919
4355 9662
4359 8447
4360 4768
4362 7846
4363 9011
4365 9095
4365 6732
4368 5841
4369 8218
4372 6885
4372 6475
4373 5442
4373 5161
4374 8103
4374 4474
4375 4594
4375 7850
4376 9696
4376 6145
4377 9976
4378 9111
4378 4553
4378 8091
4379 5434
4380 5549
4380 8591
4383 9026
4384 8507
4385 8121
4387 7936
4388 5719
4389 5869
4390 5318
4392 8009
4392 4986
4394 4752
4394 4406
4397 5342
4398 6097
4398 8893
4399 5636
4403 5811
4403 5386
4403 4829
4405 7285
4405 5611
4406 6209
4406 4461
4407 7020
4408 5368
4409 5426
4409 6477
4412 9602
4412 8012
4413 6435
4413 8006
4415 8647
4416 6240
4419 4665
4421 5711
4422 5957
4422 9829
4423 7672
4423 6014
4426 6139
4427 4948
4428 4840
4430 9988
4432 8353
4434 7012
4434 5461
4435 7109
4439 7515
4441 8511
4442 6727
4443 5389
4443 6174
4445 5008
4445 9439
4448 9080
4450 4579
4451 6738
4457 6541
4457 4766
4459 9847
4460 7315
4460 9604
4461 7472
4462 8355
4464 9116
4466 5793
4466 6143
4467 8150
4468 9609
4473 8245
4474 5940
4479 5604
4480 8281
4481 7698
4482 6474
4482 4539
4487 5634
4494 5587
4494 4966
4494 5098
4494 5706
4495 4838
4498 5361
4498 8088
4501 6009
4504 7915
4505 6405
4505 9351
4505 8766
4507 7360
4508 6447
4510 5326
4511 5301
4512 8738
4512 8971
4513 5324
4514 8310
4517 9740
4520 5951
4521 8375
4522 5984
4522 4529
4522 4943
4523 5523
4524 9287
4524 7592
4527 9573
4528 4564
4529 8914
4532 5075
4533 5346
4533 7819
4536 7620
4537 5637
4540 6391
4545 5268
4545 7451
4546 6593
4546 9089
4547 7064
4547 9228
4548 8735
4549 7204
4549 4633
4551 6267
4559 7755
4560 6690
4560 4886
4563 9314
4564 6920
4565 6247
4567 6665
4569 7484
4570 6113
4573 7318
4577 7105
4578 6131
4578 7181
4580 4870
4581 5850
4582 4657
4582 4918
4583 7544
4584 4972
4586 5760
4586 4958
4587 4801
4587 8198
4588 6000
4591 4773
4592 7812
4592 8212
4592 5115
4593 4607
4594 6464
4595 6155
4596 6384
4597 6114
4597 6616
4601 5803
4602 5857
4602 6186
4602 8223
4604 7296
4606 4901
4606 5675
4608 7855
4609 9459
4611 8747
4612 8575
4613 6803
4613 5048
4613 7384
4614 5156
4616 5272
4617 7141
4617 8234
4618 5671
4619 8826
4620 7040
4620 6866
4620 6654
4621 4783
4624 5177
4626 9705
4627 6627
4630 6366
4632 7799
4633 4990
4634 6610
4636 9544
4638 5749
4638 6910
4641 6968
4643 9147
4643 8750
4645 7886
4648 7244
4648 7391
4653 5015
4653 9135
4654 5872
4664 4697
4666 9170
4672 9049
4673 6390
4675 7057
4675 5925
4677 7823
4678 6664
4678 4908
4678 7245
4679 7347
4683 8964
4683 8222
4684 5553
4686 8308
4687 5231
4689 8854
4694 4896
4696 8005
4698 8279
4700 4715
4702 8463
4707 8291
4707 9966
4708 9454
4710 8221
4712 9841
4714 5725
4715 6605
4716 8830
4718 5623
4720 7147
4722 8101
4723 8469
4726 5931
4726 4989
4727 5945
4727 4794
4729 7547
4729 8254
4731 6579
4733 9676
4736 4809
4737 7444
4738 5707
4739 5355
4740 6641
4742 5960
4743 9003
4744 5868
4747 6444
4752 8904
4754 4934
4756 8938
4758 5217
4758 9318
4760 8603
4762 9672
4763 7712
4764 5308
4771 6497
4771 7868
4772 5378
4772 6743
4773 6571
4774 5175
4776 9804
4778 4959
4781 5800
4783 5543
4785 6004
4785 8396
4785 8398
4786 8692
4786 6918
4787 5344
4787 5971
4787 7913
4787 9291
4788 8418
4788 6102
4790 8295
4790 5804
4792 6891
4793 6176
4794 6720
4795 7084
4798 6726
4799 5362
4799 9556
4803 5180
4805 9082
4806 8853
4806 5595
4809 5650
4809 8611
4809 6660
4809 6900
4810 5428
4810 6038
4811 5530
4811 9294
4812 5237
4812 9690
4812 9822
4814 5612
4816 7569
4816 9786
4816 8715
4817 5899
4821 8958
4822 9302
4823 5508
4824 6719
4825 7186
4826 9206
4827 7983
4831 5686
4831 5786
4831 5371
4832 8416
4836 7814
4837 6417
4837 6183
4837 5402
4839 7447
4839 5883
4840 8894
4842 8013
4843 8432
4845 7111
4848 5170
4848 6935
4849 7075
4850 4889
4851 5601
4853 8597
4856 5073
4856 9047
4857 8263
4858 5502
4859 8805
4859 9159
4860 6201
4862 7334
4863 7346
4865 8880
4865 7793
4865 5880
4866 6287
4868 5785
4869 7401
4871 8100
4871 5182
4875 5914
4877 9534
4877 5103
4882 5263
4884 8257
4884 9329
4884 6802
4884 5053
4887 8832
4891 6912
4892 5505
4894 6870
4894 5896
4895 6502
4895 5559
4895 6989
4898 9373
4899 8816
4900 7279
4901 6104
4901 7000
4905 8169
4906 9682
4907 6722
4907 5141
4908 8220
4909 9752
4912 9410
4913 9860
4914 9465
4915 9957
4917 6714
4917 5198
4920 8800
4921 9473
4921 6098
4921 7203
4926 6048
4927 7462
4928 8895
4931 6318
4932 6195
4932 6429
4934 5315
4934 5331
4934 6126
4935 6203
4936 7516
4938 7436
4940 6259
4942 8734
4943 7290
4944 6568
4945 7670
4945 8399
4947 8352
4949 5295
4954 7027
4954 8380
4955 7766
4957 5511
4957 6521
4958 6295
4958 7208
4959 6042
4959 6159
4961 8256
4961 9342
4963 7970
4967 6499
4973 9290
4975 8979
4976 8640
4976 5674
4977 5943
4978 7153
4978 8182
4979 5336
4979 7182
4983 5079
4983 9679
4984 7396
4987 5694
4988 6208
4990 6294
4993 6896
4993 7608
4994 6812
4995 8177
4997 6560
4998 5005
4999 8616
5000 6597
5001 5348
5001 9948
5002 6696
5002 9038
5004 7787
5004 7326
5005 6054
5010 7601
5010 5583
5012 9072
5012 5659
5016 5878
5018 9580
5020 6586
5022 5367
5022 8665
5027 5192
5027 9133
5028 5104
5028 6187
5028 8061
5029 7119
5030 9511
5030 5112
5030 8104
5032 8745
5033 5240
5033 8360
5034 8402
5037 8934
5038 5276
5040 7621
5040 9500
5042 5167
5045 6666
5047 8609
5049 8693
5050 7361
5051 6165
5052 7019
5052 7005
5054 8215
5057 6180
5057 8157
5060 5720
5062 6959
5063 6823
5064 7527
5065 5151
5066 5146
5067 8973
5067 9229
5070 6108
5074 5667
5075 7695
5076 8345
5077 8716
5079 5820
5083 9592
5083 7529
5083 6667
5083 9983
5084 8685
5085 6549
5086 9212
5087 6255
5089 7802
5089 9325
5093 9248
5095 7636
5098 8311
5100 6555
5104 9739
5105 5734
5106 5419
5106 8861
5108 5905
5108 6418
5109 7898
5112 5828
5112 8468
5112 7146
5112 6043
5115 6109
5117 5239
5119 5379
5119 6899
5125 7059
5127 9194
5128 6292
5129 5329
5130 6889
5131 9588
5134 6438
5135 9526
5135 6285
5136 7897
5137 5941
5138 7058
5138 8147
5138 6631
5140 6518
5142 7328
5145 7888
5146 9249
5148 5642
5153 8473
5154 5917
5157 7365
5158 9864
5159 5775
5160 5277
5161 5471
5163 7152
5166 7192
5168 7432
5171 6307
5173 5619
5173 5365
5173 5327
5174 5856
5176 5178
5177 7368
5184 6869
5185 8045
5185 8095
5186 9073
5190 6548
5190 6780
5191 9878
5191 8105
5192 8454
5193 8367
5195 6950
5195 6297
5196 6793
5196 7903
5199 5411
5199 5980
5200 7784
5207 6705
5208 6376
5208 7673
5210 9428
5210 5546
5215 6984
5215 8365
5215 7294
5219 5256
5220 6061
5222 8083
5223 5357
5223 9837
5224 6607
5226 7397
5227 7881
5230 9174
5231 9315
5232 7558
5232 6859
5233 7390
5235 7736
5236 9787
5236 7103
5237 7731
5238 6776
5240 7194
5241 6756
5241 8543
5244 7488
5244 9584
5250 8708
5252 7381
5256 7604
5257 9750
5257 6238
5261 6410
5265 8561
5265 6813
5267 6081
5267 5882
5268 9333
5268 7613
5269 5837
5275 5535
5276 8219
5276 5885
5278 8927
5283 6316
5283 5727
5284 6415
5286 8429
5287 5610
5288 9123
5289 5410
5289 6204
5290 6562
5293 6833
5295 6205
5296 9737
5301 7664
5303 7925
5305 6087
5308 5730
5311 5764
5313 7594
5313 9551
5315 5744
5315 5908
5315 5961
5316 7778
5316 7422
5320 7253
5321 6119
5323 7345
5324 6324
5324 9530
5324 5965
5333 8978
5336 7175
5336 6431
5337 8636
5339 9356
5340 6148
5340 7493
5343 6969
5343 6765
5343 7790
5345 5656
5346 7129
5347 5506
5349 7430
5349 7096
5349 7528
5351 9029
5351 5724
5353 6956
5354 6003
5354 6047
5356 5542
5357 5516
5359 7420
5360 7677
5360 8478
5363 7792
5364 7003
5367 5843
5368 6547
5371 7344
5372 8628
5374 5994
5374 6686
5375 6153
5376 7785
5377 5454
5378 6498
5381 6649
5383 5385
5385 5441
5386 9812
5387 5807
5390 7092
5390 8474
5391 8154
5392 8629
5394 9655
5397 7635
5398 7085
5400 8477
5403 6830
5405 7409
5407 9283
5408 9103
5409 8789
5410 7665
5414 5658
5417 6640
5417 8737
5418 7576
5418 7630
5423 6002
5423 5563
5427 8181
5428 8184
5429 7829
5430 5617
5432 9331
5432 7668
5432 7789
5438 6479
5439 9810
5440 6673
5440 7733
5440 5958
5440 6039
5440 8860
5441 7567
5442 6878
5443 9216
5447 8272
5448 9848
5449 9831
5451 7986
5451 8197
5452 5956
5453 6961
5454 7222
5456 9741
5460 7762
5463 6084
5466 6748
5468 9566
5470 9296
5470 8905
5470 5967
5470 7583
5471 9635
5471 8852
5473 8900
5473 5701
5474 6160
5474 6069
5474 7739
5475 5875
5476 6282
5477 9021
5481 7610
5484 5768
5489 9139
5489 8230
5489 6599
5489 7754
5491 9809
5491 8743
5494 9300
5496 6578
5497 5723
5500 8118
5501 7218
5502 8294
5503 9132
5507 8803
5507 6681
5508 6926
5510 7590
5517 9843
5518 6141
5519 6277
5523 6343
5525 9515
5527 9600
5536 6323
5540 6229
5541 7669
5542 6716
5543 6979
5545 6691
5549 7156
5549 6747
5550 8018
5553 9112
5554 6055
5556 9478
5557 6352
5557 5991
5557 8713
5558 6261
5559 6820
5560 6304
5561 9757
5562 6525
5565 6565
5565 6661
5565 9292
5569 6210
5569 6461
5575 7148
5582 8544
5586 8808
5588 9824
5588 7183
5590 5792
5591 8233
5592 6364
5597 7776
5597 9059
5601 9106
5606 8023
5610 7775
5612 5846
5623 7595
5623 5934
5624 7702
5625 8553
5627 8300
5628 9626
5631 5735
5633 6676
5634 7061
5635 5709
5638 6270
5640 6839
5646 9605
5646 7211
5649 9042
5651 7921
5652 6439
5652 5822
5655 7607
5656 6401
5656 6764
5661 8017
5661 8522
5661 8190
5666 8378
5668 5981
5670 9601
5671 7408
5672 9650
5672 7735
5675 6005
5676 6966
5678 6483
5681 8258
5682 7330
5683 5888
5684 6092
5684 6223
5685 8238
5690 7162
5691 8997
5692 9305
5694 8364
5703 7952
5703 8524
5704 9250
5704 9625
5704 7468
5708 9661
5712 7890
5717 9857
5719 8663
5724 6121
5726 7287
5726 8844
5727 6185
5731 7862
5732 7045
5732 6847
5735 9253
5736 7229
5738 7976
5740 7311
5746 7209
5748 7711
5750 7426
5750 6707
5750 7706
5751 7066
5751 9053
5752 9821
5753 6099
5754 7872
5756 6103
5758 9461
5759 9758
5760 5806
5762 6754
5767 5900
5768 9122
5770 6312
5773 7317
5775 6193
5776 8446
5778 5889
5780 6546
5780 7428
5781 7437
5783 8129
5783 7099
5787 7195
5788 9834
5790 6724
5792 9701
5793 9293
5797 7224
5800 8583
5800 9340
5804 8834
5807 7406
5807 8831
5811 9321
5812 9839
5816 8890
5819 6995
5819 6182
5819 8589
5820 8351
5823 9488
5824 6449
5827 6478
5830 6973
5831 8038
5832 9218
5834 8652
5836 9210
5839 9869
5842 8063
5843 7410
5846 9208
5849 5912
5849 7901
5851 9877
5857 6887
5859 9879
5860 7470
5863 6689
5863 9188
5863 8313
5864 8325
5865 7772
5870 9863
5875 9653
5877 6336
5879 7394
5879 6078
5881 8054
5882 9041
5885 6257
5885 7637
5886 8116
5889 9615
5893 8733
5894 6655
5895 6606
5904 8644
5904 6614
5905 5997
5905 9901
5909 6638
5911 6931
5913 8065
5913 6181
5913 7421
5915 6440
5922 6443
5926 8192
5928 7086
5937 8688
5939 6132
5941 7046
5944 6717
5946 9748
5946 9349
5947 7994
5947 8143
5955 8496
5955 7191
5957 8434
5959 6335
5968 6330
5970 8829
5971 7505
5972 7513
5974 8714
5976 7358
5978 8719
5980 7848
5981 6822
5985 7248
5986 7616
5986 9568
5986 6164
5987 6227
5988 6058
5988 8891
5991 7532
5996 9691
5997 6914
5997 9301
5999 6372
5999 9543
6002 6715
6006 9637
6007 6198
6008 8865
6008 6972
6010 9498
6011 9043
6011 8857
6018 7168
6018 6037
6023 6998
6023 6939
6027 7264
6029 7089
6029 7126
6030 7047
6030 7996
6031 6971
6034 9158
6034 9230
6034 9310
6036 7387
6037 9800
6039 8850
6040 8439
6043 8655
6047 6090
6047 8046
6053 6600
6058 7968
6062 6945
6062 7242
6065 8494
6066 9099
6066 8445
6071 8772
6071 7853
6072 9083
6073 7041
6074 6553
6078 8993
6083 7564
6086 9271
6086 9548
6088 9394
6090 7987
6092 6930
6092 6122
6095 7131
6096 9525
6098 7714
6099 6835
6100 9455
6108 6266
6109 6242
6112 8235
6113 6433
6113 8248
6117 6694
6118 6836
6118 7167
6120 7910
6125 8989
6131 9561
6131 8268
6134 9425
6135 7866
6136 8529
6137 6436
6139 7602
6139 7900
6142 6291
6144 9531
6145 6642
6156 9365
6158 9236
6158 6249
6158 6591
6159 7056
6164 6680
6169 6200
6173 7928
6174 7683
6177 8672
6178 7052
6179 7770
6180 8758
6181 7357
6183 9880
6184 6741
6185 7751
6188 7540
6188 7258
6191 9402
6194 8661
6195 7250
6196 7044
6197 7329
6202 8788
6203 9685
6206 8020
6208 6322
6209 8491
6209 9884
6213 6611
6214 6468
6217 7940
6218 6819
6218 8940
6226 6422
6228 6728
6232 8125
6232 6286
6233 9393
6236 9240
6238 7935
6240 8004
6246 6374
6254 7164
6255 8567
6260 8427
6261 6653
6261 7566
6262 9124
6263 9513
6264 9949
6265 7460
6270 9793
6273 8043
6276 7757
6280 7939
6280 9462
6284 6977
6286 7321
6288 6567
6288 8535
6289 9128
6289 9802
6294 7612
6300 8503
6302 7375
6305 9185
6306 6905
6307 6619
6309 7696
6309 7157
6317 9558
6317 7101
6318 7598
6320 9747
6323 7501
6324 7240
6327 7293
6331 6928
6340 9303
6340 6393
6341 7747
6342 6403
6342 9629
6342 8702
6343 9187
6348 6589
6349 9431
6352 9440
6353 6590
6359 7165
6360 9264
6362 9008
6363 8678
6364 8605
6368 8363
6370 9312
6376 7719
6377 6421
6377 9161
6382 7730
6382 6879
6384 8419
6385 7364
6386 7748
6388 6454
6392 9549
6394 9319
6394 9514
6394 6411
6401 9323
6406 9756
6408 8133
6409 6630
6410 8377
6412 9447
6415 9614
6420 7628
6421 7498
6425 9222
6430 9554
6432 7399
6432 7675
6435 7270
6439 9044
6445 8638
6452 6512
6462 8586
6462 9275
6464 6514
6464 7268
6466 7467
6471 6987
6472 8948
6473 6996
6473 7847
6474 9251
6475 8174
6476 8804
6477 9467
6477 8348
6481 7405
6481 8301
6485 8148
6487 7281
6487 9749
6493 9578
6495 8664
6498 6752
6498 7004
6499 6816
6502 7128
6503 9728
6508 7727
6513 9656
6514 8159
6518 8255
6523 8820
6524 7877
6530 7448
6532 6695
6541 9641
6542 8179
6543 8016
6546 6840
6546 9224
6550 9127
6551 7261
6553 9538
6554 8171
6555 7069
6556 8048
6558 7649
6558 6755
6563 9326
6567 7557
6567 9503
6570 7943
6570 8984
6575 9489
6575 7980
6580 8815
6583 6901
6586 6778
6586 7723
6588 7828
6590 8307
6590 7374
6596 7644
6600 7561
6606 6864
6607 7265
6607 6919
6609 8160
6610 8709
6610 7831
6611 7013
6618 7017
6618 7609
6619 7015
6621 9900
6622 8649
6623 8538
6623 8510
6625 6940
6627 6651
6629 7990
6629 8776
6629 7963
6632 7760
6634 9495
6637 7471
6640 7124
6644 9357
6645 7912
6648 8132
6653 7231
6655 8444
6658 7212
6668 8592
6675 8607
6678 8077
6679 8687
6680 7700
6686 8569
6691 7255
6695 9770
6696 8537
6697 8297
6697 9242
6702 7115
6704 9443
6705 9006
6709 7992
6710 8680
6711 6877
6713 8064
6715 7749
6722 6841
6726 7042
6729 8144
6729 7833
6729 7178
6730 9348
6731 7741
6733 8825
6742 8034
6742 9924
6746 9509
6750 8864
6752 7641
6753 7299
6753 9077
6754 7297
6764 9276
6767 8476
6767 7454
6771 7710
6772 9164
6781 9639
6782 8691
6782 7577
6782 6861
6783 7228
6784 7413
6791 7655
6794 7154
6798 9076
6799 7617
6805 7947
6806 8055
6809 9343
6812 6985
6814 8025
6815 9460
6823 9403
6833 8968
6836 7899
6842 8690
6843 6916
6843 8214
6843 7563
6844 6999
6845 8231
6846 8689
6848 7982
6852 9071
6856 7530
6857 7625
6857 8329
6858 7807
6862 9286
6863 6974
6864 9792
6868 7412
6876 7276
6880 7461
6880 7149
6883 7379
6890 8225
6906 8340
6911 9205
6913 8458
6914 7226
6914 8205
6917 8276
6921 8096
6922 9183
6930 9346
6932 8389
6933 8966
6945 9853
6946 9753
6947 9881
6950 7205
6952 7619
6958 7933
6960 7213
6966 8178
6966 8141
6967 8357
6967 9061
6968 7603
6969 9019
6974 7574
6975 8987
6975 8956
6977 7958
6978 8884
6978 8287
6979 9927
6982 7198
6982 8526
6983 9914
6984 8797
6987 7306
6987 8330
6989 8848
6989 8870
6989 9951
6996 7024
6996 8833
6998 8986
6999 7138
7000 7398
7001 9684
7001 8684
7006 7313
7007 9550
7010 7081
7010 8381
7014 8246
7025 8216
7026 9219
7027 7496
7028 9569
7029 7834
7032 7108
7032 9404
7036 9697
7039 7159
7042 7495
7044 7291
7045 8917
7051 8400
7052 9145
7056 9309
7057 8539
7058 9987
7059 7269
7059 8487
7059 9118
7060 9984
7060 8835
7060 7252
7060 8207
7063 9790
7070 9062
7071 9936
7077 8643
7078 7518
7080 8407
7085 8798
7088 7277
7096 7995
7103 7377
7108 9052
7109 7440
7109 9375
7113 9833
7114 8577
7115 8596
7129 9184
7129 7832
7131 8633
7131 9807
7134 8084
7136 9426
7140 9027
7141 9162
7150 9559
7151 9233
7163 7685
7166 8299
7168 7511
7168 7353
7168 9918
7173 8337
7180 9119
7191 9203
7193 8140
7196 9109
7199 8889
7204 7474
7204 9687
7205 7657
7209 7689
7209 8479
7210 9613
7212 9341
7214 9866
7214 7327
7217 8613
7218 9522
7229 7724
7230 9798
7233 9552
7233 9322
7235 8312
7236 7560
7238 9151
7244 8208
7245 8413
7261 8322
7261 8253
7262 7443
7264 9688
7265 9448
7270 8041
7289 9945
7291 7531
7295 9627
7300 7941
7301 7645
7303 9257
7308 8089
7310 8282
7312 9716
7316 7453
7319 9947
7322 7758
7327 7960
7329 7555
7332 7521
7333 8420
7335 9066
7340 7667
7340 7786
7340 7691
7342 9830
7345 7392
7345 8411
7346 8620
7347 9484
7348 8639
7352 9176
7352 7485
7359 9423
7360 9612
7363 7684
7363 9977
7366 8882
7370 9354
7374 9392
7375 8925
7376 8303
7383 7795
7384 8781
7387 8284
7391 9399
7396 8775
7398 9647
7403 8945
7407 9667
7409 8983
7409 9150
7411 9813
7412 9497
7413 9699
7418 7860
7419 9506
7420 9018
7421 8093
7425 7478
7438 9334
7439 9258
7443 8762
7454 8991
7458 7716
7463 8451
7475 8068
7484 8135
7484 8521
7485 7508
7491 8370
7492 9777
7496 7586
7496 8988
7508 8226
7512 9742
7520 8493
7526 7804
7530 8086
7534 9885
7534 9854
7537 8320
7539 9784
7547 7953
7550 9766
7550 8654
7551 7704
7552 8185
7556 8001
7567 8784
7577 9713
7579 7883
7581 7679
7583 9621
7583 7964
7584 9005
7593 8342
7595 9729
7606 9686
7619 8546
7620 8560
7622 9633
7636 7978
7641 8809
7643 8168
7646 8902
7647 8559
7650 9085
7652 7930
7655 7882
7664 8778
7672 8158
7674 9308
7675 7783
7675 9628
7676 8368
7676 8819
7697 8110
7698 7808
7700 8755
7707 9339
7714 9724
7725 7818
7726 9094
7727 8508
7730 8836
7731 8658
7731 8383
7736 7842
7746 8270
7749 9298
7758 9313
7768 8071
7771 8417
7771 9937
7773 7867
7785 9086
7792 9516
7795 9445
7801 9658
7802 8024
7802 8124
7805 8541
7823 9107
7823 9245
7827 7902
7828 8339
7829 9352
7830 8533
7830 8662
7833 8039
7833 9016
7834 7991
7843 7969
7844 8646
7845 9360
7850 9102
7851 8540
7857 9177
7859 9896
7867 8791
7870 8924
7871 9432
7872 9671
7874 9967
7881 9285
7886 7999
7888 8395
7898 9913
7901 8388
7901 7945
7902 9965
7909 8232
7913 8794
7914 7962
7916 8969
7918 8566
7926 8674
7939 9916
7942 8456
7956 9997
7957 8843
7958 9196
7966 9405
7970 8634
7971 8359
7972 8926
7982 9157
7983 8244
7987 9557
7989 9480
7990 9131
7995 8194
7998 8333
8001 9677
8009 9520
8009 9028
8012 9414
8012 8985
8016 8574
8026 8044
8027 9031
8030 9719
8034 8390
8038 8704
8046 8452
8047 8459
8050 8824
8053 8573
8056 9396
8058 9406
8060 9772
8061 8571
8062 9163
8066 8188
8071 8237
8083 9527
8095 9419
8096 9413
8103 9409
8104 8134
8104 8262
8106 9427
8106 9706
8111 9851
8116 8912
8122 8720
8129 9817
8132 9058
8138 9045
8140 8421
8141 9858
8141 8807
8144 9782
8152 9535
8154 8936
8155 9815
8163 9492
8163 9759
8173 9922
8176 9751
8182 9458
8183 8760
8185 9722
8191 8746
8194 8935
8200 8617
8200 9870
8205 8777
8207 9324
8208 9391
8213 8930
8217 8813
8227 9220
8227 9915
8237 8293
8242 9946
8244 8335
8245 9421
8247 8346
8247 9418
8253 8435
8254 9734
8255 8668
8256 8921
8256 8669
8259 9875
8276 8787
8285 9590
8295 9902
8316 8660
8332 9698
8334 8338
8345 9539
8346 9646
8365 9137
8379 8576
8385 8851
8386 8460
8389 9377
8394 9622
8395 9528
8400 9415
8401 8642
8410 8842
8414 9665
8418 8464
8421 9244
8421 9565
8424 8754
8431 9456
8434 9934
8438 9190
8443 9017
8457 9899
8460 9700
8468 9084
8472 9819
8485 9668
8489 8739
8494 9517
8495 9990
8503 9278
8511 9175
8526 9596
8530 8783
8532 8980
8536 8953
8557 9115
8561 8626
8569 9114
8595 8673
8611 8961
8614 9486
8625 9536
8628 8963
8650 9470
8661 9735
8666 9297
8668 9944
8679 8821
8680 9603
8684 9457
8710 9142
8734 9209
8736 9032
8753 8982
8780 9078
8811 9507
8814 9235
8827 9842
8832 8856
8840 8873
8843 9540
8844 9598
8864 9714
8865 9004
8869 9493
8889 9806
8890 9886
8892 9969
8901 9755
8905 9502
8908 9023
8911 9781
8922 9695
8930 8946
8933 9256
8950 9890
8962 9007
8976 9197
8977 9611
8985 9438
8987 9868
9006 9068
9016 9745
9018 9871
9026 9140
9056 9689
9068 9599
9071 9155
9073 9434
9086 9973
9101 9715
9113 9429
9118 9320
9127 9825
9174 9852
9176 9479
9202 9840
9229 9970
9292 9381
9302 9430
9303 9316
9307 9581
9310 9702
9317 9979
9337 9608
9344 9619
9355 9505
9445 9490
9451 9630
9452 9928
9467 9811
9487 9587
9490 9994
9532 9666
9562 9865
9632 9873
9645 9932
9656 9746
9696 9925
9762 9926
9772 9906
9804 9978
9855 9861
9887 9898
9890 9930
9908 9919
