10000
0 656
0 1
0 3
0 4
0 2229
0 1239
0 9
0 233
0 524
1 1265
1 2
1 194
1 38
1 13
1 461
2 8
2 136
2 5433
2 43
2 7979
2 556
2 14
3 432
3 4467
3 71
3 7911
3 77
3 78
4 5
4 37
4 1669
4 15
5 6
5 454
5 7
5 124
5 268
5 2172
5 5820
5 7292
5 190
6 33
6 513
6 120
6 2698
6 9482
6 3213
7 17
7 372
7 1561
7 11
7 12
7 125
8 288
8 1443
8 137
8 30
9 18
9 152
9 10
9 1165
9 31
10 6272
10 3585
10 6085
10 22
10 4265
10 28
10 510
10 2350
11 1920
11 8160
11 65
11 2437
11 649
11 59
11 29
12 32
12 400
12 115
12 2517
12 620
13 64
13 181
13 630
13 662
13 248
13 968
13 2153
13 7087
14 80
14 482
14 35
14 246
14 3894
14 24
14 3932
14 45
15 16
15 1074
15 19
15 20
15 21
15 104
15 287
16 6304
16 34
16 39
16 72
16 168
16 57
16 4331
16 1902
16 3118
17 753
17 100
17 310
17 950
17 8376
17 282
17 141
17 159
18 163
18 23
18 9623
18 792
18 25
18 26
18 222
19 6663
19 73
19 121
19 957
19 1167
20 48
20 1393
20 355
20 4553
20 27
20 686
21 69
21 693
21 904
21 170
21 252
21 1180
21 46
21 1406
22 2561
22 5784
22 153
22 58
22 746
22 1322
22 2254
22 47
23 704
23 4656
23 1926
23 2666
23 9882
23 79
23 207
24 3285
24 1064
24 9785
24 4700
25 160
25 7553
25 5254
25 265
25 235
26 1347
26 167
26 44
26 6175
27 801
27 50
27 1893
27 62
27 991
27 1151
28 1827
28 156
28 8895
29 9442
29 4980
29 602
30 259
30 70
30 1735
30 3675
30 94
31 1473
31 1218
31 51
31 4067
31 117
31 119
31 703
32 227
32 68
32 440
32 5017
32 92
33 1618
33 420
33 41
33 346
33 4698
33 7210
33 239
33 2575
34 739
34 2787
34 36
34 53
34 262
34 250
35 352
35 385
35 54
35 1017
35 7070
35 1103
35 2703
36 2448
36 145
36 1732
36 182
36 40
36 793
36 108
36 110
36 111
37 96
37 609
37 6897
37 3095
37 56
37 1528
37 42
37 459
37 255
38 290
38 83
38 470
38 87
38 75
38 623
39 49
39 113
39 4085
39 155
39 299
39 4747
40 932
40 358
40 232
40 107
40 123
40 4203
40 127
41 321
41 131
41 52
41 164
41 134
41 791
41 90
41 76
41 364
42 74
42 763
42 95
42 799
43 215
43 1708
43 93
43 109
43 2445
43 2591
44 81
44 225
44 392
44 61
44 173
44 63
44 223
45 4897
45 66
45 300
45 429
45 2893
45 1119
45 1935
46 1574
46 103
46 279
46 172
46 605
46 8142
46 591
47 161
47 67
47 1461
47 327
47 2135
47 505
48 1569
48 4102
48 1337
48 1647
48 2079
48 3423
49 179
49 89
49 489
49 811
49 174
49 286
49 1791
50 644
50 55
50 154
50 139
51 1620
51 85
51 4409
51 140
52 99
52 7571
52 8277
52 665
52 1113
52 1546
52 3227
53 305
53 5572
53 1481
53 3482
53 350
54 7082
54 60
54 9453
55 112
55 149
56 659
56 116
56 661
56 6069
57 1764
57 158
58 5717
58 5608
58 607
59 851
59 197
59 91
59 1996
59 1422
60 82
60 84
60 230
60 1818
60 331
61 419
61 1397
61 534
61 348
61 860
62 304
62 276
62 7717
62 3549
63 5649
63 294
63 285
63 367
64 768
64 1955
64 564
64 854
64 808
65 5366
66 714
66 619
66 1774
67 97
67 210
67 3602
67 1523
67 135
67 1244
67 3372
68 2564
68 88
69 434
69 1330
69 570
69 3082
69 187
69 335
70 8145
70 322
70 2292
70 86
70 198
70 1446
70 184
70 1004
71 592
71 129
71 196
71 102
71 8806
71 1048
72 378
72 205
72 1199
73 244
73 1431
73 105
73 5293
74 1845
74 3861
74 214
74 422
74 237
74 621
74 383
75 128
75 320
75 7392
75 293
75 200
75 861
76 5696
76 3667
76 1270
76 1032
76 2670
77 1906
77 228
77 4309
77 236
77 444
77 238
78 2865
78 1187
78 1613
79 9111
79 218
80 465
80 7395
80 169
80 1577
80 668
80 1948
81 208
81 928
81 499
81 4244
81 1175
81 1325
81 1662
82 256
82 1153
82 5921
82 101
82 3589
82 650
82 1211
83 886
83 201
83 541
84 176
84 672
84 114
84 1602
84 6109
85 785
85 323
85 2581
85 150
85 365
85 1901
85 4207
86 2722
86 2770
86 340
86 423
86 1002
86 877
87 1634
87 371
87 3733
87 536
87 1849
88 2704
88 4336
88 1267
88 3049
89 257
89 4258
89 631
89 1095
89 254
89 846
90 133
90 1125
90 4156
90 3071
91 8465
91 530
91 594
91 1061
91 122
91 349
92 417
92 2870
92 3702
92 2711
93 723
93 1467
93 892
94 864
94 1024
94 209
94 98
94 275
94 1635
94 138
94 6302
94 495
95 924
96 388
96 118
97 132
97 1305
97 476
98 144
98 260
98 2550
98 3431
98 189
99 625
99 409
99 3466
99 572
100 384
100 1746
100 216
100 5326
100 4879
101 464
101 1216
101 6352
101 306
101 1369
101 2057
101 3962
101 219
101 2909
102 4836
102 202
102 203
103 2404
103 261
103 1094
103 3975
103 106
103 778
103 4276
103 151
103 247
103 185
103 2650
103 412
103 4732
103 1695
104 663
105 5617
105 7160
105 188
105 1438
105 2015
106 2641
106 931
106 3957
106 5997
106 1598
106 143
106 575
107 9786
107 5148
107 6669
107 447
108 8624
108 582
108 3784
109 561
110 211
110 9350
111 224
111 6151
111 4076
112 212
112 8996
113 195
113 595
113 1029
113 263
113 217
113 142
114 951
114 427
115 512
115 6855
115 410
115 5916
115 1869
116 1207
116 2462
117 8419
117 7512
117 1069
117 4127
118 4275
118 2344
118 298
118 204
119 401
119 130
119 498
119 7479
119 2430
119 175
120 3952
120 4192
120 9538
120 243
120 579
120 6147
120 568
120 281
120 253
120 1295
121 342
121 4824
121 1068
121 126
121 511
122 1225
123 7360
123 721
123 1668
123 1015
123 1454
123 191
124 551
124 7959
124 970
124 2058
125 338
126 7058
126 3620
126 314
127 7539
127 231
127 6712
128 1734
128 1336
128 1594
129 177
129 1762
129 2210
129 5589
129 615
129 954
130 1088
130 3392
130 3955
130 1396
130 245
131 2850
131 2056
131 1231
131 6607
132 313
132 4649
132 284
132 1836
132 3262
133 165
133 6585
133 2122
135 226
135 643
135 2707
135 157
136 193
136 1441
136 1873
136 425
136 651
136 5467
136 3660
137 1314
137 735
138 147
138 1012
138 5174
138 330
139 7089
139 3356
139 3581
139 3854
140 1579
140 206
141 963
141 1059
141 6707
141 502
141 2759
141 1545
142 148
142 2246
142 183
142 491
142 2124
142 1117
142 1597
142 8638
142 4543
143 6132
143 213
143 636
144 180
144 2937
145 9297
145 146
145 4082
145 726
145 5559
145 1115
146 2417
146 242
146 3093
146 535
146 939
146 1131
146 1551
147 1049
147 6234
147 828
148 820
148 9464
148 4473
148 1020
149 2469
149 7671
149 712
149 393
149 473
150 3065
151 229
151 8378
151 1116
151 8828
152 3024
152 1250
152 4343
152 684
153 162
153 307
153 4117
153 166
153 1209
153 2477
154 8392
154 777
155 171
155 251
155 2780
156 5476
156 234
156 1898
156 220
157 596
157 4372
157 8285
158 178
158 2451
159 736
159 1073
159 1706
159 7708
160 645
160 9990
160 3469
160 1343
161 613
161 1110
161 490
161 8813
162 468
162 3333
162 3096
162 537
162 1593
162 9017
162 186
162 1036
162 558
163 6627
163 6805
163 9206
163 1999
163 5407
164 2769
164 5842
164 611
164 1235
164 5955
164 731
164 5595
164 797
165 5651
165 267
165 1243
165 4220
165 7455
166 308
166 516
166 344
166 4121
167 7329
168 2393
168 4937
168 1866
168 9724
169 258
169 7330
169 2788
169 8581
169 2518
169 1319
169 2092
169 525
170 6480
170 277
170 2301
171 329
171 5292
171 479
172 976
172 5441
172 326
172 3017
172 5241
172 474
172 3194
173 774
173 1111
173 280
173 2107
173 333
173 8366
174 296
175 1232
175 433
175 6481
175 487
175 3559
175 460
176 4346
176 4411
176 540
176 269
177 2784
177 3690
177 6506
178 192
178 389
178 6841
179 278
179 507
179 733
179 4814
180 241
180 8113
180 729
181 1624
181 6072
181 2127
182 627
182 1366
182 2794
183 834
183 356
183 2820
183 2318
183 7167
184 199
185 435
185 332
185 9438
187 386
187 466
187 1497
188 2660
188 1001
188 986
188 1420
189 1018
189 4606
190 3938
190 1091
190 421
191 2097
191 6737
191 1544
191 463
192 3318
192 6847
193 3778
193 520
193 361
193 315
193 1148
193 6894
194 4339
195 6080
195 5471
196 6161
196 4519
198 3994
198 5818
199 1304
199 380
199 1212
199 701
199 543
200 550
200 7799
200 2617
200 5946
201 3716
201 325
201 1276
202 5537
202 1988
202 1127
203 368
203 8833
203 501
203 1081
204 5680
204 610
204 3714
204 7135
205 5523
205 5987
205 965
205 1190
205 522
205 555
205 6189
205 718
206 7125
206 1385
206 766
207 8935
207 1290
207 796
208 2407
208 831
208 8543
209 8453
209 7398
209 415
210 312
210 2891
210 7183
211 818
211 709
211 1798
211 2391
211 2825
212 5443
212 343
212 744
212 4511
213 3858
213 291
213 1271
213 2569
214 339
214 1251
214 3940
214 1317
214 1946
214 221
215 2365
216 2813
216 606
216 4287
217 817
217 982
217 345
217 2604
217 3244
218 272
218 624
218 3636
218 1159
218 264
218 1531
219 838
220 1186
220 6982
220 2349
221 815
222 653
222 318
223 311
223 407
223 8297
223 1247
224 5764
224 334
224 382
225 3136
225 597
225 3831
225 7623
225 7688
225 366
226 6421
226 2204
227 369
227 612
227 581
227 5094
228 1349
228 374
229 2611
229 436
229 5833
229 795
229 1022
230 2194
230 1241
230 5499
230 1101
230 2335
231 3985
231 5107
231 1016
231 413
231 302
232 8562
232 916
232 4246
232 375
232 2285
233 1041
233 1253
233 1274
233 3582
234 4277
234 3638
234 2631
234 1912
235 757
235 472
235 1242
236 240
236 2944
236 2412
236 2636
236 397
236 446
237 2737
237 711
237 396
238 292
238 2822
238 283
238 9695
239 1604
239 4966
239 1112
239 1144
239 1982
240 1632
240 469
240 1910
240 2184
241 5894
241 414
243 5228
243 301
244 7424
244 451
244 1339
245 6868
245 4951
245 697
245 7178
246 1703
246 2599
246 5383
246 683
246 8174
247 8177
247 1429
247 2219
248 2421
248 1896
248 249
248 319
248 6143
249 354
249 6644
249 488
249 908
250 1120
250 2416
250 5314
250 755
250 7812
251 1410
251 1092
251 3236
251 1512
251 2941
251 2958
252 337
252 403
252 1563
252 3500
252 526
252 1038
253 657
253 405
253 2364
254 404
254 4344
254 523
254 316
254 1469
255 2260
255 406
255 710
255 7254
255 6345
255 7518
255 6287
256 402
256 6218
256 2605
256 638
256 7007
257 1520
257 802
258 899
258 600
258 1496
258 2152
258 2936
258 5515
258 430
259 1554
259 4066
259 691
259 1524
259 7543
259 3736
259 347
259 7771
260 1680
260 578
260 676
260 1588
260 295
260 9352
261 642
261 934
261 2536
261 266
261 2844
261 271
262 363
262 428
262 317
263 632
263 9289
264 3267
264 6925
265 381
266 869
267 6224
267 1889
267 426
267 4396
268 1498
268 1738
269 273
269 6881
269 2179
269 4935
269 270
270 2228
270 309
270 359
270 376
270 5229
270 6702
271 1491
271 8764
272 274
272 442
273 1252
273 1692
273 2972
274 870
274 826
274 4895
275 467
275 614
275 728
275 1052
276 720
276 1493
276 919
277 1857
277 6785
277 1511
278 5411
278 780
279 9360
279 5698
279 438
279 4508
279 1870
280 3888
280 328
281 1089
281 2610
281 503
281 8343
281 5193
282 453
282 8152
282 761
282 5870
282 303
283 289
283 696
283 6589
283 6733
284 1476
285 8240
285 6513
285 7746
285 637
286 5451
287 4210
287 3092
287 1592
287 9835
287 492
288 1748
288 390
288 1192
289 903
289 1208
289 732
290 2882
290 1909
290 1455
290 3215
291 4241
291 4212
291 517
291 601
291 5260
292 1045
292 3546
292 2539
293 4562
293 324
293 1383
293 297
293 7932
293 1150
294 1042
294 341
294 2805
294 918
294 1702
294 807
296 9664
296 418
296 5927
296 856
297 2887
297 824
297 2810
297 445
298 1433
298 7321
298 4122
298 509
299 7569
299 538
300 4961
300 4406
300 1080
301 865
301 2003
301 357
301 408
301 669
302 4702
302 8575
304 6817
305 353
305 6722
305 5413
305 6775
305 7223
306 1142
306 809
306 362
306 6895
307 1856
308 1607
308 2905
308 1182
309 8279
309 3470
310 2563
310 7962
311 1848
311 557
312 1026
312 915
312 500
312 1492
312 748
313 439
313 1863
314 1152
314 689
314 1025
314 7925
314 3577
314 2315
315 351
316 4352
316 370
316 6873
316 618
316 1354
317 1578
317 6731
317 1164
318 336
319 769
319 4995
319 5288
319 3385
319 5385
319 462
319 542
320 3360
320 1010
320 471
321 589
321 1181
321 8334
322 480
322 6322
322 599
323 1419
323 7451
323 1517
324 6933
324 1430
324 3116
324 399
325 1409
325 930
325 518
325 4086
325 3624
325 4457
325 1386
325 4074
325 398
326 1700
326 6795
326 6399
327 4959
328 2672
328 1698
328 533
328 2837
328 5845
328 5030
328 4024
328 3980
329 387
329 437
329 6942
330 3148
331 8723
331 458
331 3740
332 2002
332 775
332 457
332 3306
332 379
332 699
333 3648
333 9975
333 1790
334 1079
334 4026
335 565
335 4527
337 1986
338 1553
338 873
338 1881
338 1435
339 3824
339 562
339 7698
339 394
340 5218
340 3891
340 6233
340 874
340 7852
340 813
340 3358
341 1875
341 1801
341 477
342 2740
342 6216
343 9746
343 1861
343 424
343 2634
344 1760
344 7538
345 528
345 787
345 452
345 923
345 5838
346 7840
346 6951
346 3816
346 1691
346 7899
346 7724
346 1421
347 2337
347 1269
347 360
348 4546
348 4323
348 1013
349 521
349 889
349 2091
349 3101
349 2046
350 8888
350 2779
351 5053
351 1934
352 6386
352 806
352 5596
353 3735
354 1296
354 1174
354 5021
355 6087
355 1981
356 4608
356 2278
357 4245
357 2186
357 1134
358 544
358 5170
358 2869
358 1575
359 626
359 4377
359 1997
359 4351
360 3170
360 580
360 9130
360 604
360 1327
360 9775
361 547
361 1621
361 2999
361 3991
361 377
361 1851
362 756
362 1941
362 395
362 5211
363 5026
363 707
363 373
363 8118
363 588
363 1277
363 1549
363 431
363 527
364 608
364 833
364 1057
364 675
364 678
364 571
364 2236
365 800
365 2256
365 449
365 1745
365 506
366 810
366 2111
367 713
367 2189
368 448
368 1121
368 450
368 5203
368 4148
368 6360
368 4524
368 8830
369 6337
369 1090
369 1987
369 391
369 841
369 4041
370 5280
370 6625
370 1813
370 879
371 2497
371 1126
372 8517
372 1179
373 882
373 1805
373 494
373 1246
374 2629
374 781
374 559
375 545
375 3281
375 3747
375 985
375 4382
376 514
376 486
376 694
376 9849
376 2334
376 2862
377 1428
377 750
377 687
378 3080
378 441
379 821
379 9366
379 9590
379 1166
380 443
381 1200
381 9168
381 929
381 4625
381 898
381 1970
381 4884
381 1782
382 3943
382 1097
382 9754
383 754
383 7612
385 8309
385 1463
386 416
386 640
386 788
386 8346
386 3503
387 880
387 1939
387 7317
387 1850
387 972
388 805
389 7825
389 4917
389 679
389 1943
389 9656
389 585
390 5625
390 1741
392 2723
392 660
392 2885
392 7198
393 1172
393 3926
393 666
394 3094
394 1833
396 2024
397 3052
398 9608
398 8618
398 2157
398 622
398 1230
399 1364
399 4328
399 1626
399 4172
399 975
400 1729
400 484
400 8701
400 478
401 9382
401 2839
401 1098
401 5422
402 981
402 887
402 1608
402 3771
403 8885
403 871
403 8111
404 2932
404 1589
405 5794
405 980
405 455
406 4848
406 497
406 6797
407 4898
407 548
407 2773
407 456
407 411
407 7567
408 1570
408 772
408 7145
408 1500
408 4557
409 5587
409 5092
409 1352
409 3224
409 7768
410 9983
411 803
412 6708
412 4365
413 481
413 3100
413 3663
414 576
414 1332
414 2244
414 9028
414 4859
414 1071
414 3743
415 531
415 988
415 8926
416 1489
416 1508
416 2070
416 5047
416 9789
417 8387
417 5333
417 1401
417 1162
419 8080
419 921
419 1193
420 2915
420 836
420 2036
420 1197
420 894
423 1701
423 7765
423 1078
423 2828
423 1341
423 9741
424 3189
424 5975
424 783
425 1828
425 2677
425 2571
425 493
426 4416
426 681
426 1196
427 1977
427 910
427 767
428 7013
428 1595
429 483
429 1027
429 7674
429 3676
429 5037
429 863
430 1792
430 9169
430 3765
430 4334
431 2709
431 8280
431 2682
431 5724
431 1437
432 598
432 940
433 1922
434 1432
435 7735
435 1260
435 862
437 2480
437 3312
437 1161
437 2443
437 8427
438 5274
438 1471
439 2912
439 2019
439 9060
439 566
439 3788
440 2948
440 1157
440 6394
440 1340
440 5183
441 4401
441 2903
441 5179
441 3789
442 5202
442 6915
442 677
443 2816
443 583
443 2814
443 2191
444 3684
444 855
445 4096
445 1572
445 2276
445 1685
445 4470
445 4634
445 1915
445 6909
446 737
447 1761
448 667
448 2347
448 508
448 2845
448 4671
449 1858
449 4963
449 5575
449 2555
449 1678
450 784
450 2032
450 1874
450 5042
450 7074
450 4387
450 1156
450 1183
451 554
451 6986
451 1983
452 2321
452 8369
452 3279
454 496
454 1233
454 1177
455 4119
455 745
456 6259
457 993
457 3921
457 4017
457 5363
457 2341
457 8636
458 6385
458 6114
458 7060
458 9196
458 1581
459 567
459 1278
460 688
460 1357
460 1375
461 6993
461 8706
461 515
461 7667
461 1892
461 2615
462 2516
462 1720
463 485
463 5865
463 8654
464 7192
464 475
464 719
465 504
465 878
466 7549
467 3383
467 5678
468 1060
468 2741
468 5623
468 590
469 1984
469 9872
469 1682
471 1109
472 901
472 2856
472 925
472 574
473 2622
474 5931
475 593
475 2949
475 4135
476 628
476 1773
476 6285
477 519
477 905
477 2138
477 2812
477 973
478 7760
478 1281
478 2465
478 3363
478 8068
478 747
478 4507
479 2001
479 2005
479 573
480 646
480 4105
480 539
481 8400
481 2849
481 647
482 4437
483 1793
483 5345
484 546
484 1355
484 1532
484 2637
484 3950
485 7248
485 4690
485 553
485 617
485 829
485 1326
486 4844
486 4381
487 9517
488 953
488 4140
489 1552
489 5313
489 8435
489 1688
489 682
490 4456
490 2734
491 577
491 1411
491 5061
492 857
492 2474
492 2763
493 1062
493 5462
493 8342
493 3387
494 912
494 3573
494 3996
494 4204
494 6300
494 7900
494 9452
494 2815
495 695
495 2511
496 8044
496 6350
496 4239
497 9985
497 616
497 1499
498 1744
498 3393
498 1753
499 560
499 5961
500 629
500 1622
500 2043
501 6977
501 786
501 1638
501 2150
501 6998
501 890
501 4556
502 2035
502 1819
502 909
502 1070
503 529
503 2403
503 2827
503 3452
503 5086
503 8367
504 1605
504 1014
504 4262
504 1351
504 2857
505 1238
505 584
505 635
505 7980
505 7647
506 773
507 848
507 4579
507 2262
508 2418
508 9429
509 2400
509 7325
510 1412
510 4905
510 4921
511 4976
511 532
511 698
511 1964
512 587
512 3247
513 1603
513 5574
514 2832
514 3776
514 552
514 633
514 3178
515 1170
515 8967
515 3003
515 5374
516 2225
516 2211
516 1030
516 4991
517 1040
517 3329
517 4436
517 1717
517 6214
517 3879
517 893
517 1726
518 2625
518 716
518 8046
519 2496
519 4977
519 7335
519 1865
519 603
519 942
520 850
520 1093
521 752
521 853
522 586
523 770
523 819
523 7892
523 2701
524 3782
524 974
524 1423
525 722
525 2821
525 6773
525 1318
525 2247
525 3259
525 3343
526 549
526 3069
527 674
527 5060
527 4231
527 2025
528 3889
528 1011
528 1639
528 1178
528 3341
529 816
529 868
529 758
529 1096
529 5929
530 4273
530 3159
530 794
530 5807
531 3158
532 1118
533 3125
533 1227
533 2767
535 2757
535 4006
535 858
535 1275
535 2732
536 3044
536 2087
536 680
537 2083
537 5529
538 7212
539 1444
539 1037
540 4497
540 3532
541 837
541 2405
541 1674
541 654
542 3098
542 2269
543 5004
544 569
544 4302
545 7570
545 1719
545 3374
545 9678
546 658
546 1614
547 3604
547 8038
547 664
547 2796
547 1806
548 1816
548 3596
549 3487
550 2802
550 2793
550 906
550 670
551 2265
552 563
552 947
552 3839
553 1283
554 2880
554 1891
554 3753
555 1219
555 936
555 5819
556 9031
557 3032
557 2714
557 7323
558 2116
558 3301
559 2182
559 7752
559 3773
559 1102
560 944
560 1525
560 685
561 1616
561 2720
561 705
561 1878
561 2342
561 5339
562 1457
563 6832
563 2853
563 839
563 1660
563 5118
564 771
564 920
564 5693
564 734
565 5802
565 2559
565 2751
566 2647
566 652
566 4285
566 655
567 9349
567 1370
567 4143
568 742
569 1066
569 639
570 690
570 6059
571 897
571 946
571 1240
571 989
572 6226
572 6946
572 2223
574 3177
575 2048
575 1031
575 1612
575 2381
576 1877
576 1527
576 1847
576 5628
577 1006
579 1522
579 8647
579 634
580 4594
580 1005
581 725
582 5668
582 1991
582 2695
583 1008
583 1952
583 641
583 3058
583 2054
583 4694
583 2231
583 6025
584 996
584 648
585 3254
585 764
586 7114
587 867
587 8953
587 6330
588 5108
589 6848
589 692
589 4164
590 1600
590 8580
590 2797
591 5922
591 5270
592 6852
592 3670
592 3128
594 3797
594 5512
594 4858
595 1344
595 1536
596 3346
596 3906
596 1301
596 3437
597 2309
598 2960
598 845
599 3504
599 1666
599 2026
600 1436
601 5970
601 5741
601 943
602 1363
602 1675
602 2268
603 1777
603 3201
603 4034
603 1140
603 1530
604 7251
604 2841
605 2929
607 859
607 782
607 8254
607 4415
607 5551
608 1333
608 765
608 1567
609 1516
610 964
610 9014
610 1000
610 6779
611 2519
611 7402
612 4758
612 779
612 749
612 1309
613 823
613 2392
613 4842
614 2333
614 1470
615 6755
615 9092
615 3289
615 2250
615 4954
615 971
615 1707
615 3099
615 3134
616 4946
616 998
616 1846
616 2123
617 952
617 2505
617 895
618 706
618 888
618 1933
618 2205
619 2547
620 4496
620 5273
620 700
620 1215
621 4227
621 3156
621 4260
621 3502
622 4548
622 9944
622 7081
622 1995
623 941
623 7773
624 8599
624 830
625 7120
625 4852
625 907
625 7196
625 3229
626 2000
626 1047
626 1785
626 2745
627 3412
628 2366
629 3616
629 1451
629 5691
630 5381
631 1282
631 724
631 2996
631 6825
631 3499
631 671
631 2927
632 945
632 3025
632 2022
632 9837
633 1262
634 1205
635 7026
637 7824
637 4873
637 7433
637 3964
637 1310
638 3922
638 3420
638 717
639 762
640 5184
640 1155
640 1084
641 7868
642 2384
642 6401
642 3928
643 1217
643 1191
643 3640
643 1690
643 2749
643 8525
643 2222
643 3199
644 4739
644 2439
644 3292
645 1043
645 740
645 1772
645 1039
645 4639
646 1122
646 7099
647 992
647 4205
648 1361
648 1884
649 1065
649 4684
650 1221
650 3109
650 6248
650 1737
651 3987
651 822
651 6199
651 1353
651 2713
651 2747
651 6030
652 790
652 4810
652 6398
653 1649
653 900
654 3795
654 6452
654 4623
654 6303
655 1377
655 5425
655 2178
655 715
655 875
655 3919
656 727
657 1236
657 1055
658 5010
658 2104
659 3425
659 6699
660 1456
660 738
660 1749
660 1942
660 983
660 955
660 2095
661 812
661 702
662 2590
664 1248
664 7954
664 1535
665 6851
665 2694
665 776
665 4619
665 2940
666 4293
667 1963
667 2446
668 673
668 3145
668 9195
669 708
669 917
669 2840
670 2472
670 1789
670 814
671 6962
671 1911
672 7810
672 6889
672 4015
673 3731
673 1447
673 1272
673 2376
674 1779
674 1173
674 6631
674 825
674 958
675 2528
675 8673
675 7138
675 2423
676 1543
677 8294
678 9120
678 948
678 1513
679 1154
679 2226
679 2329
679 4043
680 914
680 1539
680 2117
680 8299
681 1573
681 1580
681 1676
681 1023
682 1619
682 5950
683 852
683 3656
683 3310
684 1381
684 5305
684 987
684 8763
686 966
687 3516
687 5613
688 6865
688 8986
690 7428
690 3260
690 927
691 804
691 1268
691 741
692 3458
692 6367
692 9935
693 866
693 1171
693 1204
693 789
694 3041
695 8596
695 7978
695 3533
696 2499
696 1495
696 956
697 881
697 1007
698 2192
698 885
698 6134
698 9357
699 2368
699 1817
699 2396
699 751
699 6975
700 3655
700 798
701 9209
702 5810
703 1056
703 7880
704 5861
704 8501
704 1787
706 5460
706 7286
706 2601
706 8633
706 1050
707 1286
708 6328
708 2010
709 7819
710 3505
710 1379
711 5171
711 1350
711 2360
712 2067
713 896
713 2697
714 1346
714 5013
715 913
716 1399
716 9096
717 2594
717 1781
718 1033
718 1086
719 978
719 4883
719 4501
719 3066
720 1372
720 2284
721 1306
721 2765
722 743
724 3137
724 8322
724 4874
724 6159
725 4948
725 1222
725 6169
725 730
725 4348
725 8687
726 2835
726 949
726 1724
727 4596
727 4891
727 5500
727 2990
729 3846
729 3485
729 3135
730 2817
730 5891
730 7587
730 1108
731 842
732 3728
733 1633
733 2438
733 8792
734 9281
734 5075
734 1300
734 6340
735 1733
735 3419
736 1348
736 2890
736 4986
737 3241
738 3632
739 937
739 3147
739 4316
740 5076
740 902
740 840
740 1919
741 2914
741 4514
741 2373
741 759
741 1035
741 3551
742 5571
742 5550
743 2051
743 1044
743 1582
744 9639
744 8990
745 4209
745 827
746 9941
746 4953
747 2743
747 2200
748 2544
748 6177
749 1763
749 4872
749 3993
749 843
749 1371
750 3864
750 1019
750 1053
750 3838
751 3029
751 760
751 6777
752 1249
752 4869
752 4971
753 2066
753 4837
753 8492
754 4978
754 2039
755 3415
755 8683
755 4925
756 1398
756 5384
756 3449
756 8267
756 3580
758 2401
758 1731
758 5941
758 4071
758 3000
758 5914
758 1003
758 4716
759 3240
759 4936
761 6264
761 1502
762 5953
762 2340
762 2533
762 2215
762 1965
764 1810
764 7400
765 1788
765 9470
766 984
766 876
766 6861
767 1298
767 9829
769 962
770 5232
770 961
770 1163
771 1442
771 5368
772 4598
772 3132
772 4268
773 8434
773 2995
773 5541
773 7767
774 6339
775 3613
776 6864
776 7425
776 2263
776 2808
777 7077
777 6792
778 6576
778 4146
778 2125
779 8801
779 5150
780 5123
780 9892
780 2286
781 3182
782 2642
782 7753
782 4907
783 1335
785 2217
786 1009
787 8787
787 3627
788 994
788 2674
789 3185
790 884
790 2920
790 3721
790 7118
791 1586
791 8457
793 5505
793 2023
793 1147
794 1929
794 1610
794 1962
794 3210
794 2383
795 832
795 3899
795 2943
796 2513
796 2791
796 2088
797 4580
797 7444
797 3592
797 1129
797 5626
797 2557
798 1714
799 1747
799 2549
799 5736
799 2473
799 7967
800 7712
800 835
801 7606
801 1308
802 4307
802 3995
803 1280
803 7974
803 3290
803 1548
804 1718
804 1067
805 7489
805 8570
805 2447
806 2900
806 1659
806 5245
806 2655
807 3349
808 4064
808 3508
808 1224
809 1338
809 5018
810 4327
810 6743
810 5401
810 1663
811 6510
812 1413
813 847
814 922
814 1146
815 5942
815 2717
816 1266
816 5139
816 1673
816 1615
817 3220
817 3418
818 4391
818 2203
819 1201
819 1462
819 1672
819 1405
821 938
821 1835
822 1395
822 9124
822 5909
822 9446
822 891
823 9428
824 2521
825 5552
825 1028
825 2283
826 4719
827 2177
827 1141
827 1958
828 9971
828 2174
829 967
830 4695
830 3373
832 4402
832 3862
832 1287
832 4092
834 849
834 9385
835 1606
835 844
835 8013
835 1279
836 9268
837 3664
838 9432
838 8124
839 3457
839 1210
840 2218
840 2346
840 2442
841 6560
841 1313
841 6577
841 1384
842 872
842 1273
842 2554
842 6317
843 7744
843 5225
845 1046
845 1021
846 3216
846 1507
846 2030
847 3007
848 4247
848 1627
848 3165
849 4931
850 3513
851 3010
851 3129
851 1742
852 7733
852 1128
853 2616
853 1661
854 1408
854 977
854 9697
854 1203
854 5654
854 2871
854 9871
855 1837
855 2926
855 959
856 1285
856 6599
856 5688
856 2719
857 2161
857 3268
857 1899
857 7115
857 2573
857 1214
858 1740
859 1077
859 2181
860 5217
860 4565
860 7045
860 1359
861 1505
861 9601
861 4659
861 2729
861 5967
861 6527
862 2258
864 1143
864 1625
864 7465
864 926
865 4471
865 2235
866 2129
866 1320
866 969
866 6573
866 2143
867 2458
868 2006
868 5097
869 3088
869 8852
869 1445
869 4294
870 1168
870 4755
870 3079
872 7169
872 4503
872 2508
872 5980
872 2621
872 4333
872 8494
872 1311
872 7263
873 8421
873 2726
873 5416
873 2078
873 911
873 4911
874 2149
875 1458
875 3659
875 1391
876 1254
876 1830
876 6026
876 7294
878 883
878 2324
878 5765
878 1686
878 2294
878 6637
879 2673
879 1448
880 9650
880 3462
880 1831
880 1854
882 7408
883 1652
883 933
885 1185
885 1642
886 4804
886 1054
887 3186
887 1656
887 3016
888 2132
889 8389
890 2690
890 3669
891 2232
891 2171
892 2130
893 6448
893 1796
893 7652
893 935
893 1994
893 2653
894 5008
894 1076
894 2164
895 2193
895 8973
896 995
896 9398
897 3750
897 4678
897 1256
897 1258
898 9808
898 1969
898 1751
899 7450
899 8061
900 1826
900 5224
901 1587
901 1683
901 1124
901 3237
901 1671
901 2572
901 5567
902 7088
902 1506
902 2084
902 2495
903 7309
904 6173
905 979
905 4484
906 1220
906 2565
907 1106
907 3350
908 7586
908 1123
908 3115
908 1390
909 2754
909 1226
910 4520
911 2586
911 1757
915 4400
915 2785
916 3971
916 2506
916 1307
917 8321
917 8370
918 7738
919 1184
920 1617
920 6740
921 9617
921 7797
921 1063
921 8538
921 7627
922 1145
922 8906
922 8253
923 3169
923 1051
925 3685
926 5549
927 4005
928 5330
928 2783
929 9815
929 7577
929 1547
929 2651
929 2811
931 4970
931 1709
931 9373
932 2176
932 3266
932 1786
933 6606
934 1085
934 2478
935 4225
937 960
937 3296
938 1329
939 3426
940 1198
940 1503
941 7984
941 6105
941 1100
941 2525
942 4326
942 3175
942 1176
943 3617
945 1105
945 3569
945 999
946 1464
946 6732
947 8330
947 1135
948 5059
948 3707
948 1245
949 4867
949 8069
949 1562
950 2008
951 5809
951 2467
951 1416
952 6140
952 1966
952 3887
953 5201
953 2086
953 1082
954 2836
954 5239
954 2667
955 1058
955 2323
955 7385
956 2163
956 7109
956 2074
956 2638
957 5409
957 7253
957 5208
957 7561
957 3196
958 3873
958 1571
959 1234
959 1374
961 8756
962 6100
962 4982
962 5627
962 990
962 1342
962 3070
963 3120
963 5728
963 7589
963 1590
963 1294
963 3214
963 4638
964 1651
965 2197
965 2646
966 2379
966 3183
967 3076
967 2710
968 2923
969 1654
970 1138
971 5360
971 7269
971 4054
971 2267
972 4407
973 2300
973 1229
974 8945
974 2725
974 2206
975 1973
976 5538
976 4599
976 5145
976 3628
977 5044
977 2367
978 9683
979 2037
979 1752
979 1130
981 4577
983 5966
985 2385
986 2681
987 1885
988 1814
989 997
989 1526
989 2983
990 1323
991 2004
992 1376
992 4139
992 1087
993 4673
993 4722
993 1334
993 1114
993 5692
995 6354
995 2280
995 6011
996 1137
997 4390
997 5787
998 1302
998 3976
999 4072
999 8907
1000 4644
1000 2314
1000 4650
1001 1648
1001 1034
1002 6115
1003 1905
1003 1636
1003 3276
1004 5216
1004 3963
1005 7103
1007 2675
1007 4180
1007 6277
1007 1677
1007 5181
1009 1368
1009 3403
1011 1367
1011 6184
1011 1501
1012 3234
1012 6636
1012 6639
1013 5483
1014 2888
1015 5328
1015 4865
1015 2297
1016 1083
1016 4604
1017 1072
1017 3515
1017 5372
1019 3085
1019 1710
1019 1583
1020 1075
1020 3382
1020 8056
1020 8156
1021 9716
1021 2126
1021 1631
1022 1650
1022 4756
1022 9769
1023 6148
1023 6557
1023 8989
1024 1568
1029 5281
1029 3481
1030 4434
1030 2012
1030 2158
1030 2750
1032 2532
1032 2582
1032 8871
1033 5283
1033 1194
1033 4588
1034 1667
1034 3498
1035 8287
1036 1257
1036 1914
1036 1820
1038 1394
1038 2712
1038 5439
1039 6131
1039 2762
1039 1133
1039 8862
1040 4960
1040 1316
1040 1465
1040 3369
1040 4271
1041 2859
1042 2848
1042 6614
1042 6745
1042 7754
1042 1149
1042 6078
1043 1504
1043 8642
1043 3658
1044 3619
1044 8883
1046 4070
1047 1255
1047 8780
1047 2687
1048 1417
1048 3823
1049 1297
1049 5977
1050 2807
1050 1657
1050 5679
1051 3444
1051 1404
1052 7758
1053 3108
1054 6338
1054 2874
1055 5782
1057 1968
1057 6850
1057 2980
1057 8132
1058 1687
1059 1557
1059 1628
1060 1299
1060 4069
1060 1099
1061 1653
1062 7756
1063 1284
1063 3141
1064 3040
1064 6735
1065 3798
1066 5601
1067 8375
1068 1324
1069 2151
1069 6651
1071 2464
1071 6496
1071 1188
1072 1169
1072 2471
1073 9395
1075 3794
1075 2131
1075 9843
1075 1289
1076 3896
1076 1466
1077 1427
1077 6565
1077 1478
1077 1356
1078 1136
1078 6587
1078 1630
1078 2574
1079 6759
1079 5576
1079 5609
1079 1195
1080 1104
1080 2255
1081 6353
1081 8791
1081 1259
1083 4466
1083 1107
1083 1468
1083 8332
1084 3004
1084 1903
1085 7602
1085 1139
1085 2492
1086 2889
1086 6766
1087 2065
1087 3322
1087 2798
1089 4282
1090 8552
1091 1696
1091 8323
1092 1783
1092 7935
1093 2755
1093 4781
1094 9194
1094 2875
1096 1643
1096 2109
1097 2644
1097 5722
1097 3468
1097 9388
1098 1601
1098 7188
1098 9946
1098 2861
1099 6265
1099 6937
1099 7247
1100 6705
1100 3929
1100 2202
1100 4090
1100 1727
1102 4787
1102 9075
1102 2468
1102 3812
1102 1237
1102 9566
1103 1315
1103 8500
1104 2800
1104 1414
1104 2998
1104 5035
1105 2388
1106 1202
1106 2514
1106 3154
1106 9629
1107 1380
1107 1655
1108 2721
1108 2034
1108 3379
1109 6362
1110 2208
1110 1158
1110 1206
1111 5913
1111 3884
1112 2166
1112 4602
1113 3841
1113 1223
1114 1730
1114 5803
1114 2735
1115 7299
1115 1693
1116 3152
1116 4031
1117 1959
1117 5822
1117 6142
1120 8785
1121 1721
1121 8123
1121 1452
1122 4263
1122 2731
1122 1407
1123 2481
1123 7041
1123 9762
1123 3395
1123 1611
1123 9419
1123 9820
1124 1623
1124 2363
1124 7500
1125 8043
1125 1132
1125 7102
1126 7938
1126 8648
1126 6093
1127 4675
1127 3127
1127 1640
1127 1641
1127 7246
1128 2744
1128 3709
1128 5423
1129 2114
1129 4418
1129 6296
1130 2595
1131 2273
1133 1585
1133 6611
1133 1864
1133 5375
1134 1228
1135 8096
1135 4646
1135 1402
1135 9676
1136 1373
1136 8238
1137 1564
1138 3535
1139 4491
1139 2047
1140 5897
1140 3019
1141 2064
1141 7700
1143 8126
1144 1424
1144 1475
1144 4531
1144 1534
1145 5699
1146 2185
1146 7276
1147 1426
1147 3090
1147 2339
1147 5126
1147 2397
1147 5007
1148 1776
1148 3713
1148 5265
1148 9937
1148 6695
1148 6267
1148 1213
1149 4642
1149 3491
1149 1189
1149 7349
1149 1160
1149 1961
1149 2924
1150 3973
1150 3510
1150 1576
1150 2568
1150 5886
1151 1264
1151 4025
1151 7148
1152 2328
1152 5336
1152 1291
1153 2566
1153 2520
1154 4240
1154 2113
1154 2295
1154 7995
1154 4655
1157 9682
1157 5388
1158 3967
1159 2016
1159 9344
1159 4696
1160 1382
1162 4039
1162 5535
1163 3430
1163 2510
1163 4591
1164 2994
1165 9863
1165 7928
1166 9657
1166 1821
1168 2593
1168 2724
1168 9077
1169 3724
1169 8668
1170 3953
1170 1365
1170 3852
1170 3133
1171 7826
1171 4825
1171 3038
1172 6176
1172 8310
1172 7032
1173 4498
1173 4261
1173 4422
1173 4141
1174 1712
1174 3730
1174 2271
1175 7873
1175 4617
1175 3231
1175 5983
1176 3271
1177 2758
1177 9750
1177 6984
1178 5808
1178 5073
1178 3037
1178 1358
1180 2803
1180 5300
1180 1739
1181 4161
1181 1331
1181 2531
1181 8166
1181 1838
1182 7441
1182 2082
1182 8178
1182 2842
1182 3454
1183 2484
1183 2485
1183 2965
1183 1900
1183 1263
1184 4945
1184 2358
1184 9866
1185 6275
1185 9512
1185 1645
1186 2345
1187 3540
1187 9910
1187 1976
1188 3832
1188 7151
1190 1538
1190 9981
1191 8983
1191 7448
1191 1484
1192 3556
1193 3332
1193 5129
1193 1804
1194 1812
1194 4374
1194 3273
1194 8495
1195 6250
1195 9627
1195 1292
1195 5084
1196 3654
1196 4632
1196 1834
1196 2509
1197 2257
1197 6694
1197 4173
1197 5357
1198 5063
1198 3021
1201 2913
1201 1450
1201 8396
1201 1917
1202 3908
1202 2281
1203 3050
1204 1362
1204 8836
1204 2427
1206 4864
1206 1460
1206 7340
1207 1425
1207 2661
1208 4896
1208 2011
1208 4110
1209 4693
1209 1293
1210 2221
1210 9485
1211 7933
1212 6476
1213 4370
1213 8135
1213 4783
1214 1840
1214 5168
1215 1689
1215 2319
1216 6478
1217 1288
1217 2009
1217 1261
1218 2085
1218 1853
1219 3060
1219 7976
1219 1529
1219 2668
1220 6736
1220 1897
1221 2369
1222 1345
1223 1403
1224 8512
1224 2055
1224 3416
1224 2491
1225 3808
1225 3123
1225 1927
1225 3563
1226 1998
1227 1472
1227 1488
1227 7474
1227 8685
1227 7407
1228 3598
1229 1681
1229 2121
1229 2537
1231 7665
1231 2760
1232 7439
1233 2868
1233 1303
1233 3375
1234 1890
1234 2951
1234 3545
1234 6812
1234 2093
1236 1637
1236 2781
1237 7808
1237 1797
1237 2325
1237 1434
1238 4789
1239 1684
1239 2997
1239 3518
1240 6802
1241 3442
1241 3490
1241 5064
1242 3061
1242 3429
1243 5085
1243 6991
1244 3030
1244 3130
1245 2624
1245 3850
1247 8185
1248 2304
1249 1565
1251 7777
1251 7014
1252 1859
1253 8564
1253 2069
1253 3384
1253 2073
1253 7117
1253 8381
1254 5264
1254 7012
1258 1665
1258 2444
1259 1328
1259 1415
1259 2942
1259 2287
1260 6197
1261 2336
1261 7460
1261 2075
1261 3916
1262 6306
1262 4099
1262 4830
1262 2399
1262 3023
1264 1360
1264 2180
1264 4701
1266 1803
1267 9394
1267 5114
1268 2917
1269 2959
1270 6935
1273 3391
1274 1555
1274 1550
1275 1312
1275 8697
1275 1388
1276 1521
1276 2873
1276 3034
1276 1485
1277 9335
1277 5176
1277 1486
1277 3630
1278 3075
1280 4965
1281 1490
1281 7940
1281 5964
1282 4233
1283 1392
1283 9011
1283 5110
1283 9431
1283 8584
1283 4731
1284 8661
1284 5629
1285 6160
1285 2386
1286 2415
1288 1584
1288 1537
1288 1697
1288 9025
1288 2275
1288 5751
1288 3005
1289 1852
1290 6934
1290 4379
1291 9649
1291 3208
1291 4361
1291 9199
1292 5473
1293 2801
1293 5267
1293 5770
1294 9574
1294 6424
1294 1658
1294 1980
1296 1778
1296 2348
1298 8849
1298 2440
1298 2201
1299 1540
1299 2068
1299 2901
1299 4408
1299 3084
1300 1439
1301 5746
1301 2742
1301 4157
1303 8373
1304 5056
1305 7413
1305 9797
1305 4184
1306 7429
1307 1664
1307 3738
1308 4929
1309 5531
1309 3439
1310 8129
1312 2230
1312 3671
1312 5447
1312 6411
1313 1541
1314 4938
1314 8362
1314 2910
1315 6610
1315 2327
1315 3144
1315 1321
1316 7755
1316 6655
1317 6242
1317 1780
1317 8139
1317 9707
1320 2119
1320 1418
1322 1924
1322 3748
1322 8012
1322 1389
1323 5024
1323 2306
1323 2027
1324 4088
1324 1482
1325 8960
1325 8823
1325 6921
1325 8522
1325 9918
1327 2786
1327 5643
1328 6814
1330 6545
1331 5120
1331 8978
1331 9285
1331 2503
1332 8896
1332 1860
1332 1802
1333 5597
1334 8733
1337 7691
1337 2846
1337 1487
1338 1811
1339 3035
1339 3595
1339 7662
1340 4014
1341 1843
1341 5704
1342 3328
1343 3138
1343 9174
1344 1494
1345 6598
1345 8508
1346 1474
1346 1972
1346 6007
1346 1736
1348 1480
1348 4168
1349 8537
1349 5006
1349 6959
1350 1938
1351 2678
1352 1440
1352 1862
1352 2251
1354 2320
1354 4996
1354 9662
1355 2864
1355 1937
1355 4113
1356 5169
1356 1705
1356 1453
1357 3056
1357 2453
1357 5915
1357 1596
1358 1400
1358 4857
1359 2858
1359 7482
1359 1519
1360 8800
1360 6902
1360 1800
1361 4855
1361 8172
1361 6831
1362 5769
1363 2214
1363 1483
1363 4699
1363 7004
1363 2303
1363 7791
1364 2299
1364 2831
1365 1558
1366 1841
1366 3163
1366 7339
1366 4094
1367 4243
1367 9367
1367 4746
1368 9024
1368 7333
1368 1542
1368 1560
1369 3424
1369 3451
1370 9374
1371 7970
1371 1387
1372 1559
1373 4850
1373 2243
1373 5887
1374 1378
1375 4809
1376 8000
1376 9146
1377 3316
1377 3766
1378 5298
1378 3255
1378 6664
1379 7009
1379 2524
1379 6397
1379 2207
1380 3936
1380 1711
1380 3727
1381 5072
1381 9860
1381 6119
1381 7130
1382 1956
1383 2680
1384 5553
1384 2071
1384 3064
1386 2776
1386 9150
1387 3745
1387 4615
1388 8437
1388 5758
1389 3265
1389 5033
1390 1699
1390 6179
1390 3463
1390 3769
1391 7566
1392 4449
1392 3527
1392 6348
1393 3345
1393 1882
1393 2746
1393 4202
1393 5580
1394 2931
1394 6236
1395 1842
1395 2748
1397 8071
1398 4597
1398 1750
1398 3404
1398 3566
1399 1925
1399 6373
1400 1756
1400 2847
1401 4578
1401 4802
1401 1477
1402 2031
1403 1459
1403 4291
1404 5973
1405 3001
1405 6060
1406 9068
1407 4833
1407 2603
1407 1533
1407 1679
1408 1928
1410 7506
1410 2343
1411 4455
1413 1759
1414 6624
1414 1644
1414 9998
1415 2580
1416 3554
1416 3737
1416 7227
1416 1566
1417 5585
1417 7964
1418 1599
1419 8484
1419 8827
1420 7105
1420 8886
1420 4637
1420 5709
1422 8563
1422 6138
1422 5517
1423 3187
1424 7370
1426 6209
1426 7191
1427 3732
1429 2963
1430 1985
1430 7843
1431 3448
1433 5795
1433 4772
1433 1895
1433 1944
1434 7540
1434 3238
1434 3063
1434 2552
1434 2298
1435 8115
1435 3483
1436 5789
1437 1872
1437 2806
1437 8699
1438 1510
1438 2540
1439 5489
1439 2824
1439 1883
1440 1769
1440 3647
1441 3914
1443 3287
1443 2063
1443 4863
1445 1509
1445 1449
1447 7668
1448 8709
1448 9212
1449 1514
1449 5610
1449 4236
1449 4061
1451 2436
1451 4998
1451 2952
1451 8938
1451 7675
1452 3398
1452 8443
1453 4037
1453 4614
1453 2199
1453 1646
1453 1694
1454 3140
1454 2261
1455 3802
1456 2234
1456 7164
1456 1518
1456 7359
1456 9855
1457 5944
1457 2105
1457 3354
1458 3299
1458 3319
1458 9854
1459 3946
1459 3583
1460 9467
1460 1868
1460 4748
1461 8176
1461 2818
1461 5672
1462 2967
1462 3593
1462 2989
1463 9478
1463 5464
1463 1515
1463 6782
1464 2450
1464 1795
1464 1609
1465 6746
1465 6860
1466 2614
1466 2108
1466 1886
1466 3151
1467 8020
1467 2136
1467 2699
1468 2961
1468 3539
1468 4053
1468 4040
1469 1479
1470 3584
1471 3665
1471 3323
1471 3119
1472 1894
1472 8119
1472 1725
1472 5630
1476 2461
1477 3089
1477 3464
1477 3467
1477 2702
1477 8510
1478 6829
1479 8932
1481 7195
1481 2029
1481 3694
1482 2080
1482 6834
1482 1923
1482 4924
1483 7492
1484 2277
1484 9878
1484 7719
1484 5100
1485 1879
1487 5163
1488 1713
1488 2155
1489 7399
1489 2072
1490 4465
1490 6273
1490 3661
1491 2553
1491 3039
1492 7010
1492 2041
1492 5116
1492 3149
1494 6751
1495 2500
1495 5405
1497 1794
1497 8702
1498 3506
1499 6052
1500 6097
1500 2062
1501 5990
1502 6403
1503 2545
1503 3560
1503 3162
1503 2493
1504 3472
1505 7723
1506 8964
1507 2804
1508 1839
1509 1807
1510 1629
1510 5133
1510 6718
1511 6690
1511 5859
1511 4927
1512 3072
1512 8339
1512 2456
1512 2175
1513 9211
1514 5712
1514 3514
1515 1979
1515 7533
1516 2308
1517 9105
1517 2359
1519 1809
1519 2187
1521 7666
1522 7432
1522 3407
1523 4547
1523 7209
1523 1754
1523 2059
1524 7629
1526 7888
1526 3650
1526 5346
1526 1766
1526 1767
1526 9047
1527 4004
1527 1931
1528 3760
1528 5285
1528 1704
1528 5739
1531 2100
1532 4167
1533 4595
1534 8430
1535 1556
1535 8441
1536 2017
1536 2950
1536 2479
1537 2220
1538 4611
1538 4166
1539 1775
1540 6939
1540 9004
1541 6305
1541 3757
1542 7947
1542 5036
1543 4417
1543 6929
1543 1591
1544 7202
1544 6899
1544 7608
1545 3284
1545 2982
1546 1978
1546 3979
1546 6415
1547 8760
1548 3672
1548 6826
1548 8237
1549 3959
1550 7578
1550 2159
1551 1945
1551 7391
1552 1824
1552 6652
1553 6038
1554 9874
1555 4790
1555 4440
1555 9675
1557 2609
1557 4735
1558 2705
1558 3110
1558 3484
1559 5786
1560 6489
1560 2429
1561 6973
1561 2494
1563 2945
1564 2137
1564 2173
1566 5652
1566 4811
1566 7278
1567 2209
1567 5463
1567 2700
1568 2118
1568 2028
1570 9143
1570 2441
1570 1755
1571 6622
1571 9391
1573 6853
1574 9791
1576 6595
1576 8314
1577 2576
1577 3253
1578 3441
1578 5811
1579 1670
1579 1993
1580 1876
1580 8165
1580 9653
1580 4518
1580 3643
1581 6590
1582 3200
1582 2968
1582 2351
1584 8082
1584 5750
1585 5570
1585 2061
1585 5871
1586 2307
1587 3507
1588 2169
1588 5740
1589 2290
1589 3465
1589 4941
1590 2252
1591 4019
1592 2375
1592 4601
1593 3697
1593 7122
1594 1992
1594 4685
1594 6477
1595 2167
1596 4380
1597 1716
1598 8181
1598 1743
1598 2463
1599 9641
1599 4555
1599 5262
1600 2648
1600 1822
1601 9460
1602 2112
1602 1715
1603 7796
1604 8065
1604 2866
1604 8319
1606 4475
1606 2669
1606 1823
1607 5122
1607 2372
1608 3428
1608 9479
1609 1921
1610 1888
1610 4354
1612 2102
1613 3062
1613 2317
1614 9138
1614 2332
1614 4093
1615 2103
1615 1771
1615 4027
1617 4784
1617 8593
1617 2361
1618 2434
1620 2419
1620 4981
1620 1722
1621 5843
1622 4115
1622 3160
1622 3695
1623 2387
1624 7072
1624 9888
1624 4657
1626 1808
1626 3077
1627 1728
1627 2147
1627 3605
1627 4492
1628 2050
1629 3587
1629 4572
1630 6515
1630 2902
1630 3111
1631 6886
1632 4738
1633 3008
1633 3876
1633 4106
1633 3342
1633 2431
1634 3910
1635 1829
1635 2311
1635 2683
1636 7410
1638 2691
1639 2935
1641 5204
1641 2053
1641 9439
1642 7472
1643 6117
1643 4059
1643 2908
1645 1844
1645 2212
1645 8761
1646 4689
1646 3315
1646 7156
1646 1967
1648 5378
1648 3176
1649 5187
1650 4813
1651 3851
1651 1932
1651 3885
1653 7449
1653 4286
1654 4573
1656 7747
1656 7343
1658 7743
1659 1880
1659 8905
1660 4073
1661 3051
1661 7420
1662 3570
1662 4866
1662 9510
1663 3410
1664 5234
1664 4063
1664 8255
1664 9567
1665 3012
1666 3172
1666 4439
1666 2588
1666 6045
1667 1765
1669 2583
1669 3256
1671 2049
1671 2081
1671 4195
1671 2045
1672 2060
1673 5379
1673 7912
1674 5032
1674 6156
1675 1784
1675 2282
1676 6419
1677 3282
1677 1908
1677 4153
1678 3711
1679 3649
1679 3218
1679 3018
1679 4428
1680 3806
1681 3869
1681 4751
1682 2052
1682 6682
1682 3947
1682 2863
1683 2428
1683 7389
1684 4705
1686 5673
1688 2020
1688 6150
1688 3143
1689 3680
1689 2089
1689 2233
1690 1904
1690 1936
1690 2402
1690 4196
1692 5562
1693 3219
1693 6996
1693 2454
1693 3547
1694 3045
1698 8008
1698 6554
1700 7293
1701 4564
1701 2101
1701 2664
1702 1770
1702 2907
1704 2623
1705 7832
1705 4186
1706 7374
1708 3913
1708 1949
1708 6207
1709 9081
1709 3644
1710 1950
1712 2597
1712 7301
1712 3207
1712 4584
1713 2021
1713 1723
1714 3777
1714 7509
1715 5081
1715 2094
1716 3117
1717 4353
1717 2515
1717 4137
1717 2090
1718 3970
1718 1913
1720 3047
1720 3303
1720 7895
1720 2986
1722 2198
1723 9172
1723 2587
1724 7907
1724 5261
1724 1918
1725 8202
1726 8146
1728 5813
1728 7271
1732 1975
1733 4621
1733 6318
1736 7047
1736 8109
1736 1871
1737 3445
1737 3544
1737 5498
1738 1867
1738 4827
1738 2652
1739 2649
1739 2414
1740 4032
1740 8509
1741 3142
1741 3726
1742 8278
1743 2643
1743 1758
1743 4495
1744 3863
1746 2771
1746 2310
1746 5479
1746 2538
1746 9179
1746 4478
1747 3785
1748 2502
1748 2279
1749 3525
1749 3197
1750 3155
1750 5710
1751 3568
1751 5889
1751 2684
1752 8680
1752 7006
1753 4304
1753 8215
1754 2466
1754 2589
1755 7713
1757 7291
1758 2145
1758 1768
1758 2424
1758 2398
1759 3901
1759 8302
1760 5647
1761 3314
1762 2562
1762 9269
1762 6358
1765 1990
1765 1799
1765 3480
1766 5364
1766 6504
1766 3787
1766 3759
1767 2038
1768 3180
1769 3330
1769 3334
1769 4335
1770 8134
1771 7969
1771 2007
1771 3399
1773 4805
1774 2897
1774 2534
1774 2904
1774 2795
1775 9104
1775 8846
1776 4530
1777 2266
1777 4988
1777 2253
1777 7807
1778 3347
1778 9158
1778 1960
1778 3114
1778 5662
1779 5569
1779 3674
1779 2939
1779 8923
1780 8707
1780 2918
1780 3367
1780 4587
1781 5959
1781 2425
1781 7289
1783 2170
1783 4955
1783 2239
1784 1930
1784 9402
1784 4267
1785 7150
1785 1951
1786 4771
1787 6492
1787 6524
1787 9597
1788 2033
1788 8100
1789 6563
1789 4358
1789 2409
1789 2665
1789 5404
1790 7168
1790 1954
1790 7699
1792 3704
1792 3161
1792 6671
1793 4677
1793 3006
1793 1855
1794 2134
1794 1887
1795 3666
1795 8567
1797 5681
1797 2395
1797 5259
1799 6000
1800 4764
1800 5373
1800 4686
1801 2353
1803 1825
1803 5331
1803 3623
1804 9525
1805 5242
1805 3517
1807 1907
1808 4627
1808 4681
1810 3396
1810 3590
1810 1815
1810 8695
1811 3339
1812 3408
1812 1832
1813 2160
1813 9554
1814 5744
1814 7027
1814 4191
1815 8403
1815 3821
1815 9502
1816 1953
1816 8694
1817 2146
1817 7050
1817 8042
1818 5827
1818 6149
1819 8887
1819 3113
1820 6004
1820 4095
1822 4534
1823 2987
1824 2953
1824 5178
1824 2541
1824 4047
1827 4853
1829 3622
1831 3366
1831 6486
1831 2156
1831 9244
1832 4736
1832 7937
1832 7319
1832 8875
1832 9006
1833 5474
1833 8747
1833 2142
1833 2270
1833 4462
1834 3126
1835 3689
1835 8412
1836 1971
1837 4901
1838 6634
1839 2975
1841 7170
1841 2115
1841 4831
1842 3586
1842 2955
1842 2413
1843 2706
1844 4715
1844 4445
1844 2382
1845 3067
1846 2457
1846 7166
1847 1940
1847 2852
1847 2357
1847 8201
1847 9386
1848 8102
1848 2188
1848 7308
1849 3870
1851 6211
1851 9142
1851 3401
1852 6009
1853 7764
1853 3561
1853 3836
1854 6870
1855 2408
1856 5427
1856 4404
1856 5911
1857 2512
1858 3629
1859 8099
1859 2378
1859 4509
1860 2099
1860 9097
1862 3739
1863 2289
1864 9766
1865 3868
1866 3171
1866 5594
1867 3762
1867 3956
1868 4816
1868 7960
1868 2076
1869 8925
1871 4717
1871 3054
1872 2556
1875 3988
1875 4581
1875 4730
1875 3325
1876 3779
1878 7320
1878 9401
1879 2884
1880 3618
1880 6772
1880 2406
1880 5180
1881 4386
1881 9765
1881 3450
1881 5853
1882 2380
1883 6221
1884 7000
1886 6535
1886 3677
1887 5554
1887 4835
1887 2313
1888 6165
1888 4319
1889 3965
1890 4753
1890 3320
1891 3446
1892 7554
1892 4056
1892 4703
1893 3013
1893 3653
1893 4229
1893 6440
1895 3105
1895 2168
1896 6650
1897 4871
1897 5050
1897 1916
1898 2331
1900 4235
1901 4442
1901 2635
1902 2096
1902 3706
1903 5106
1903 9306
1903 2620
1904 2338
1904 3637
1904 2567
1904 8713
1905 1957
1906 2316
1907 4132
1908 2077
1908 3181
1909 2488
1910 2302
1911 4194
1912 2483
1914 6070
1915 3009
1915 6200
1916 8284
1917 9307
1917 8540
1918 6728
1919 8241
1919 3461
1919 2966
1920 2272
1920 6963
1924 3489
1924 4840
1925 2190
1925 4590
1926 3558
1927 3521
1927 3365
1928 4020
1928 3031
1928 2110
1929 5152
1929 4706
1929 9911
1930 6210
1930 6393
1930 9149
1931 2738
1931 2106
1931 2014
1932 1989
1933 3825
1933 4218
1933 2829
1933 4413
1934 6676
1935 1974
1936 2570
1937 8205
1938 7364
1938 7860
1940 2291
1941 2162
1942 8032
1942 9078
1942 1947
1942 4125
1944 2507
1944 7435
1945 5509
1945 7829
1945 3847
1945 7751
1946 4321
1946 4410
1947 5697
1947 7039
1948 3601
1949 3221
1949 6364
1949 2894
1950 4228
1950 2487
1950 2872
1951 6434
1951 4488
1951 2973
1952 2971
1953 5884
1954 4169
1954 7497
1954 8175
1956 4430
1958 2249
1958 6521
1958 3804
1959 2930
1959 4487
1959 5496
1961 5088
1961 2977
1961 2504
1961 5034
1962 3826
1962 2195
1962 3756
1963 2906
1964 6896
1964 2355
1965 7670
1967 6593
1967 9415
1968 6806
1969 2148
1969 2774
1969 3610
1970 7347
1970 4469
1970 5213
1972 7139
1972 6153
1973 3232
1973 7222
1973 5244
1974 2715
1975 2018
1976 4272
1976 2312
1977 4785
1977 8772
1979 3251
1979 4350
1980 6758
1981 2612
1981 6711
1982 3298
1982 4395
1983 2752
1983 6724
1983 3397
1983 2728
1983 3103
1984 4881
1985 6586
1985 4108
1986 4134
1986 2584
1988 9663
1989 2420
1989 5711
1991 9763
1991 2216
1991 6670
1992 2854
1992 3878
1992 6125
1993 4242
1993 3059
1993 7091
1994 9836
1995 2354
1996 2044
1997 2627
1997 2823
1999 9328
2000 2389
2001 9826
2001 3767
2001 3305
2001 5243
2001 7037
2002 2013
2003 5020
2003 3917
2004 7493
2005 2688
2005 5719
2005 8296
2006 2543
2008 2242
2009 2676
2009 7068
2009 5869
2010 8361
2010 3754
2010 4908
2011 2040
2011 7690
2012 6741
2012 2489
2012 2042
2012 3211
2012 8605
2013 2782
2014 4375
2015 7200
2015 4823
2016 7867
2016 3357
2016 7598
2018 2128
2019 2370
2019 8004
2019 5829
2020 5074
2020 3749
2021 2630
2022 3295
2023 8995
2023 3849
2024 4528
2024 8209
2024 5426
2024 6435
2024 6938
2025 2330
2025 2394
2025 6268
2027 2326
2027 3688
2028 2241
2029 2422
2029 7142
2030 2144
2030 2183
2030 3434
2031 3409
2033 8556
2033 8415
2034 3822
2035 6343
2039 4663
2041 2240
2041 9393
2041 5077
2041 2878
2042 6164
2043 3353
2044 3380
2044 2213
2044 9593
2044 2826
2045 2530
2045 2979
2045 2855
2045 7626
2045 5518
2046 2140
2047 6867
2047 8712
2047 9739
2048 3844
2048 4398
2049 2922
2050 4563
2050 8426
2050 7580
2052 6643
2053 6760
2054 6023
2056 2433
2056 3042
2057 2305
2057 4868
2057 3436
2058 4337
2058 2956
2059 3153
2060 6756
2060 5052
2060 4447
2061 8194
2063 4992
2063 4742
2063 3886
2065 7249
2065 3772
2066 2120
2066 2139
2067 6436
2067 8027
2067 6349
2068 6130
2068 3642
2069 7649
2069 2296
2070 4516
2070 2237
2071 4322
2072 9156
2073 3456
2073 6628
2073 3803
2075 2988
2076 5157
2076 5530
2076 8829
2076 4367
2077 2098
2077 2133
2077 2141
2079 4451
2079 5881
2079 5452
2079 2766
2080 6050
2080 3974
2081 4145
2082 4880
2082 4513
2083 3055
2084 7052
2085 8048
2085 2696
2086 3167
2088 2482
2088 3235
2089 6753
2089 3370
2089 5660
2091 8464
2091 2371
2091 3960
2091 2957
2091 7470
2092 4922
2092 3068
2092 4734
2093 6971
2094 9896
2094 4028
2096 8461
2097 2686
2098 3477
2100 3939
2100 3243
2100 5999
2101 4030
2102 3274
2102 5355
2102 4109
2104 4292
2106 5435
2107 3280
2107 7266
2107 8773
2107 4538
2108 8207
2109 5299
2110 6744
2111 7986
2111 3497
2112 3744
2112 9010
2112 6067
2112 7123
2112 3927
2112 3755
2113 9033
2114 8730
2117 4576
2117 7393
2117 7523
2118 2224
2118 2498
2118 4007
2119 4666
2119 5775
2120 3657
2120 3146
2120 3599
2121 5895
2121 6183
2121 8312
2121 2460
2123 3915
2123 2654
2124 8640
2124 8305
2124 2535
2126 4628
2126 7927
2126 7991
2127 6578
2127 2390
2128 7632
2128 6425
2128 5484
2129 2377
2129 4713
2129 5726
2130 3011
2130 2264
2131 2899
2131 5972
2133 2551
2133 3578
2133 2459
2133 4940
2133 2718
2134 2154
2134 2876
2134 9228
2134 3086
2135 6657
2135 3479
2136 3112
2136 7165
2138 3057
2138 7298
2138 3033
2138 4045
2139 2756
2139 6283
2140 5504
2141 4942
2141 3999
2142 3954
2143 2736
2143 4904
2144 2435
2146 3202
2147 9600
2147 6390
2150 7153
2150 3302
2150 9399
2151 7997
2151 8127
2152 4464
2153 5824
2153 6068
2153 2245
2153 5543
2154 4504
2154 5161
2154 9727
2155 2165
2155 3646
2156 3331
2156 6301
2156 2527
2157 8592
2157 2248
2157 9260
2159 4394
2159 4159
2161 5412
2161 4079
2162 3074
2162 5658
2162 5469
2163 4147
2163 4997
2164 8663
2164 4479
2165 2656
2166 7648
2166 3693
2167 9803
2167 6366
2168 3022
2169 2933
2170 3275
2171 6808
2173 3473
2174 5892
2174 5514
2174 6429
2175 2227
2175 5800
2175 8781
2176 3192
2177 2196
2177 7798
2178 4658
2178 7161
2180 4645
2181 2639
2182 7640
2183 4289
2183 3250
2183 6917
2183 3612
2187 2486
2187 8502
2190 6430
2191 8272
2191 2962
2191 7693
2193 3790
2193 8399
2194 3361
2195 4208
2195 6849
2195 7683
2195 8439
2195 2925
2196 3572
2197 7477
2197 2985
2198 3206
2198 2426
2198 2238
2199 6231
2201 2274
2201 2579
2202 4607
2205 3053
2206 8629
2206 7718
2207 4378
2208 4636
2209 5561
2210 7802
2212 9353
2212 2411
2212 3550
2213 5877
2214 8658
2214 6381
2216 5848
2216 8808
2216 3209
2218 3348
2218 8972
2219 2662
2219 7404
2220 4661
2220 6632
2220 3225
2222 6384
2222 7628
2223 5548
2224 7158
2224 6958
2226 2288
2226 8913
2226 2259
2226 8355
2226 6693
2228 8286
2229 6592
2229 4558
2230 4993
2231 8959
2233 2352
2233 2560
2233 2529
2233 6388
2235 9802
2236 9140
2236 9046
2236 3245
2237 2452
2237 2598
2237 7307
2237 3934
2238 2374
2239 8243
2240 2789
2240 8518
2241 6502
2241 2410
2243 7475
2243 4847
2244 3701
2244 7462
2245 8432
2245 2645
2245 2679
2245 9913
2246 7409
2246 2548
2247 4851
2249 2739
2249 5156
2249 4749
2249 2671
2250 5991
2251 4274
2251 7590
2253 3317
2253 3193
2253 3291
2254 7233
2254 4964
2256 6077
2257 8192
2257 9221
2258 5454
2261 3872
2262 2970
2262 3948
2263 3124
2263 7030
2265 6800
2265 7944
2266 3252
2267 7653
2268 9604
2269 9632
2269 2322
2269 2293
2269 4360
2271 9354
2271 3614
2271 4846
2272 3340
2272 3725
2273 3811
2274 3475
2274 6771
2274 5236
2275 2501
2277 7780
2277 9191
2277 4826
2278 5639
2279 4633
2280 9856
2280 7283
2280 5701
2281 5057
2281 2886
2281 4270
2282 2790
2283 8937
2284 5762
2284 4979
2286 6734
2287 5325
2288 8283
2290 3977
2290 6954
2290 2843
2290 3294
2291 7011
2293 4801
2293 4179
2293 4303
2296 4728
2297 2981
2299 7564
2301 2608
2302 2976
2302 5414
2302 2727
2302 2362
2303 4023
2303 7532
2303 2911
2303 3519
2304 3139
2304 3223
2305 3440
2305 7397
2306 4709
2306 3081
2306 2522
2306 4315
2306 9887
2307 2632
2307 9308
2309 4912
2309 5335
2309 4828
2310 6691
2310 8774
2310 4665
2311 4779
2311 3277
2312 5175
2313 2830
2316 2921
2316 2558
2316 6462
2317 5301
2317 8711
2318 2577
2318 3122
2318 3242
2319 8136
2319 4893
2319 6927
2320 2658
2320 4568
2320 2523
2321 7745
2321 9537
2321 4312
2322 3246
2324 5939
2324 7572
2324 5022
2325 9340
2325 6943
2326 2819
2326 5143
2330 6444
2331 2356
2331 3524
2331 2585
2332 3046
2332 3686
2333 5603
2335 3865
2337 4065
2337 2867
2337 6803
2338 3780
2338 3400
2338 3438
2339 4913
2339 3389
2339 3997
2341 6065
2341 3652
2343 7365
2344 5113
2345 3411
2345 5926
2346 7287
2347 3969
2350 3712
2350 8528
2350 4078
2351 2896
2351 6269
2351 8429
2352 2768
2352 4405
2352 3351
2352 2602
2353 6002
2353 7929
2354 8746
2357 8211
2357 3530
2358 4448
2358 2455
2358 5070
2361 5397
2361 6090
2361 5019
2361 9341
2362 4854
2362 4042
2363 4249
2364 2657
2365 3073
2366 3321
2367 3641
2368 3542
2368 3278
2369 8848
2369 2778
2370 3249
2371 9936
2371 9026
2371 9954
2372 2619
2372 6621
2373 3261
2373 3166
2374 7890
2374 5158
2374 5900
2375 4720
2375 7056
2375 3421
2377 2919
2379 2640
2379 3801
2379 5212
2381 8504
2383 2490
2383 9116
2383 3390
2386 3381
2388 4325
2390 5763
2390 2916
2393 6556
2394 4008
2394 3212
2395 5291
2395 5934
2397 3435
2398 2607
2399 2546
2399 8187
2400 4549
2401 2928
2402 5506
2402 4009
2404 2938
2404 3645
2405 8195
2405 8316
2406 3402
2407 2432
2407 4660
2409 6517
2409 2475
2409 2476
2411 6505
2411 3903
2412 3890
2412 7491
2412 3364
2412 6727
2412 8217
2414 4517
2415 9881
2415 3453
2415 2526
2415 9471
2417 8659
2417 5096
2418 8448
2418 3814
2418 7574
2419 9481
2419 4222
2419 6095
2422 4551
2423 5986
2423 2947
2424 3990
2424 5976
2426 5481
2427 2542
2429 7361
2429 4178
2429 7613
2430 4155
2430 7387
2430 2716
2431 2834
2433 2974
2434 4910
2435 4670
2436 2685
2437 3269
2438 7787
2439 5573
2439 2633
2439 5806
2440 7459
2440 3270
2441 6529
2441 4050
2443 5091
2443 8023
2444 2596
2444 5277
2445 3257
2445 6079
2446 2449
2446 3892
2446 3631
2447 3248
2447 5058
2447 9606
2447 8199
2447 5197
2448 4674
2448 8228
2448 3557
2448 5511
2449 4081
2449 4371
2449 6439
2449 3324
2450 3905
2451 7112
2452 3460
2452 5545
2454 5825
2454 9313
2454 7018
2454 4124
2454 8620
2455 4612
2455 9989
2455 3912
2455 8890
2456 3313
2456 9524
2456 3493
2456 3909
2456 2470
2457 6464
2457 8965
2458 2946
2458 4453
2459 8006
2461 4301
2462 4575
2464 9490
2464 6438
2466 5533
2466 2606
2467 3205
2468 5109
2471 3781
2471 4199
2472 7430
2472 7383
2472 7594
2473 3635
2473 2969
2474 5713
2474 3352
2474 4397
2476 8197
2477 4254
2478 6601
2480 2993
2482 5607
2483 5055
2484 7344
2484 8912
2486 7728
2486 8190
2488 2663
2488 8057
2488 9295
2489 3565
2491 7133
2492 4616
2492 3020
2494 5716
2495 3907
2495 4807
2495 4299
2496 5863
2496 8716
2497 2733
2497 7310
2498 5219
2498 2600
2498 9496
2498 7116
2500 7044
2500 8357
2501 4112
2501 5828
2501 6729
2501 2618
2503 4089
2503 8894
2504 4856
2506 2799
2507 5664
2508 4994
2508 7816
2509 4974
2510 4296
2510 4909
2512 9536
2512 4643
2513 7175
2514 8409
2515 2708
2515 9752
2516 4532
2516 2895
2516 3615
2518 2659
2519 6666
2519 9503
2520 5289
2520 6044
2523 2592
2524 3564
2524 4188
2526 2578
2528 3734
2529 9259
2530 3344
2530 2879
2534 7863
2535 4421
2535 6844
2536 4609
2537 8224
2539 4281
2539 5674
2539 4219
2539 2764
2541 7705
2543 4340
2543 3807
2546 5663
2548 8742
2549 9745
2549 4314
2550 2881
2550 5319
2550 6215
2550 3528
2551 4255
2552 8275
2553 9602
2554 2626
2554 2934
2554 4215
2555 3523
2555 3388
2555 6063
2556 4512
2556 9702
2556 6206
2557 3949
2558 4622
2559 3898
2559 9178
2559 3293
2560 5071
2561 4754
2561 4725
2562 3904
2563 5320
2564 7270
2565 7184
2566 2628
2566 5642
2566 6076
2568 4613
2568 5349
2568 3983
2569 8625
2571 5263
2572 3026
2572 8073
2575 8168
2576 8765
2579 4567
2579 5774
2580 7902
2582 3097
2583 6203
2584 3474
2584 7242
2585 9493
2587 7121
2587 3394
2589 3304
2589 6813
2591 2693
2591 3478
2591 8264
2592 3553
2592 3157
2592 4841
2593 9828
2593 8230
2593 3083
2594 8487
2595 5910
2596 5766
2597 3710
2599 7262
2600 2833
2600 7704
2602 9817
2604 9085
2605 3015
2606 3308
2607 3371
2608 6961
2608 2851
2608 3413
2608 4926
2608 5294
2609 4431
2610 6308
2610 2613
2610 2984
2610 6124
2610 9247
2611 5196
2611 5868
2611 6110
2612 5558
2612 5309
2613 3575
2614 2753
2614 5866
2615 5508
2615 6263
2616 3998
2620 3562
2623 4886
2624 4450
2624 3337
2624 9451
2625 3526
2626 5578
2627 4366
2628 5415
2629 5377
2629 3509
2629 5062
2629 6567
2629 7887
2630 4011
2632 2792
2633 9073
2633 4068
2633 5290
2633 8858
2635 5153
2635 8531
2635 3867
2635 7806
2637 3164
2637 4956
2638 8832
2639 6701
2640 7957
2641 6787
2641 2777
2641 4765
2644 3184
2644 5188
2644 4559
2645 3297
2645 4297
2645 3758
2645 4206
2649 4721
2651 6709
2651 3853
2652 9363
2652 4138
2653 5908
2653 3717
2655 3228
2656 5424
2656 9570
2656 8919
2657 8678
2658 9693
2659 8641
2659 5978
2661 6667
2662 6748
2663 3746
2663 4845
2665 3840
2665 5431
2667 5686
2667 3455
2668 3264
2668 7922
2668 2692
2668 3335
2669 3432
2670 3883
2671 7096
2673 4533
2673 7621
2673 8101
2674 6675
2676 3924
2676 7197
2678 6584
2679 2689
2679 4593
2679 6180
2680 2775
2681 5520
2682 3633
2683 4055
2683 4295
2685 4560
2686 4248
2686 9759
2687 4128
2687 9987
2688 3203
2688 2892
2689 7079
2689 4444
2690 2992
2690 3986
2690 4269
2690 7438
2691 5685
2693 6562
2693 7525
2694 3336
2695 6019
2695 4582
2695 6617
2695 7565
2696 4022
2697 5394
2697 4521
2698 6681
2700 6086
2701 2761
2701 7710
2703 6989
2704 3014
2704 5191
2704 3720
2707 4256
2708 4213
2708 5706
2708 5437
2709 4952
2710 2730
2710 8331
2710 3597
2711 4737
2711 7048
2713 3761
2714 3856
2714 7972
2715 5606
2715 6188
2715 9599
2717 2954
2718 3355
2719 2964
2719 7481
2719 7437
2719 5215
2721 4306
2722 3520
2722 3984
2722 8301
2723 2898
2723 4744
2723 7643
2724 4010
2725 5067
2726 3048
2729 4821
2729 5194
2730 9435
2731 4984
2732 3131
2734 7141
2736 4885
2737 9955
2738 3698
2738 8981
2739 4362
2739 8282
2739 5502
2740 3845
2741 3978
2742 2772
2743 6616
2743 7529
2744 6432
2745 9296
2747 5015
2749 9952
2749 7237
2750 9839
2751 5488
2751 2860
2752 8472
2752 3195
2753 3028
2754 8506
2754 9261
2755 3168
2755 2877
2755 9087
2756 6047
2757 6570
2758 4087
2759 3433
2759 5417
2759 4506
2760 3796
2761 6965
2761 5817
2762 9163
2762 9469
2763 2809
2764 3283
2764 3529
2765 7250
2765 8122
2766 9700
2766 3935
2767 4152
2767 9113
2768 4477
2769 4033
2769 4057
2771 6626
2771 9131
2772 6326
2773 5635
2775 7469
2776 7281
2778 2883
2778 3406
2779 3091
2779 9277
2779 4958
2782 4013
2785 3188
2785 4932
2785 9356
2785 5247
2787 6531
2788 5896
2790 3874
2790 9926
2790 3307
2791 3555
2791 5957
2791 6583
2793 3571
2795 4480
2796 7187
2796 9588
2796 6686
2798 5140
2798 4438
2798 7981
2799 3752
2800 4075
2802 6428
2803 7827
2803 3608
2804 4914
2804 6018
2806 3576
2809 4566
2809 3982
2810 6246
2810 4799
2811 2838
2812 4103
2812 7005
2815 7857
2815 7871
2817 5781
2817 5563
2818 3989
2820 3492
2820 5566
2821 3174
2821 3834
2822 5947
2823 9654
2828 3217
2831 5879
2831 9405
2832 4183
2832 3722
2832 4654
2833 9699
2833 3833
2833 4540
2834 3793
2834 4420
2835 5442
2836 8594
2836 3830
2836 3495
2838 5656
2838 8872
2839 6187
2840 4875
2842 4035
2842 4664
2843 9857
2843 3027
2844 5268
2845 5641
2846 4544
2846 5255
2848 7615
2849 3895
2849 3002
2849 5359
2850 7636
2851 2978
2851 5458
2852 5137
2855 5727
2856 7483
2857 6141
2858 6449
2858 8769
2859 9037
2860 6964
2860 6885
2861 3230
2862 3792
2862 8326
2863 4626
2864 5960
2867 3625
2867 8078
2868 4489
2869 3488
2872 8946
2873 6904
2873 7770
2876 3541
2877 5925
2877 8213
2878 7097
2879 3611
2880 9412
2880 4280
2881 3179
2882 7075
2883 4347
2883 4939
2884 3443
2885 9586
2885 6552
2886 6981
2886 6508
2887 5581
2888 7813
2888 4919
2888 6375
2888 6347
2888 3359
2889 5028
2889 6858
2892 9709
2893 3763
2893 6892
2894 3723
2897 5952
2897 6256
2898 6804
2898 7498
2899 6459
2900 6292
2902 4176
2902 5190
2903 3386
2903 3150
2904 3422
2905 6178
2906 9889
2906 5002
2907 3764
2907 3258
2909 4672
2909 3875
2910 3742
2911 7384
2913 4238
2913 2991
2914 5936
2914 3634
2914 9477
2915 4947
2916 3937
2916 4341
2919 9103
2924 8274
2924 5365
2924 4058
2926 3968
2926 6555
2926 6495
2927 6046
2929 8721
2929 8758
2931 7573
2931 9801
2934 3198
2935 8112
2936 7855
2937 6295
2938 4928
2938 5890
2939 3107
2941 9346
2941 5192
2942 4769
2943 5399
2945 9964
2946 5165
2946 9183
2947 6245
2948 4647
2948 8904
2950 4283
2951 7638
2954 4915
2955 9719
2956 3809
2957 5155
2959 9243
2959 9070
2960 8682
2961 3860
2962 6769
2962 4669
2965 3925
2966 6833
2966 6036
2969 8847
2970 4114
2971 9330
2971 7811
2972 7064
2974 4949
2976 3233
2976 4888
2976 4234
2976 4571
2977 5200
2977 4129
2977 6091
2977 9292
2978 7220
2979 4788
2980 9995
2982 3043
2984 8085
2984 7034
2984 6877
2985 4861
2985 6767
2986 3326
2988 9016
2988 3931
2989 8444
2990 3639
2990 6410
2990 9051
2991 4097
2991 9362
2991 9204
2993 6005
2995 9523
2995 9879
2995 8891
2995 4158
2996 9076
2996 3226
2997 5276
2999 6893
3000 3102
3001 3417
3001 6238
3001 3087
3002 3494
3002 3288
3003 7877
3004 3121
3007 6859
3007 7820
3008 3190
3009 4003
3009 4712
3010 9222
3012 7658
3012 5132
3013 6866
3014 3362
3014 5779
3014 6057
3014 9165
3015 6824
3015 7035
3016 8719
3017 3191
3017 8014
3018 7080
3019 5507
3020 5257
3021 5616
3021 8306
3023 5151
3025 7537
3025 8151
3025 3036
3025 5708
3026 6815
3028 5167
3029 3476
3030 9232
3030 7076
3031 4515
3031 3078
3031 7934
3032 4144
3032 7185
3032 3574
3033 5376
3034 7559
3034 6713
3034 4318
3035 6084
3038 4107
3039 9302
3041 4021
3041 3414
3043 9238
3043 4987
3044 5560
3046 9893
3046 4012
3047 3536
3047 4189
3047 6493
3048 8473
3048 7870
3049 4257
3050 7457
3050 4463
3052 7904
3053 6738
3054 6061
3055 8229
3057 9443
3058 7651
3058 6715
3060 3104
3060 9348
3060 5805
3061 7264
3062 6619
3063 3708
3063 5519
3064 5646
3066 3173
3066 6838
3066 9208
3067 4759
3068 6167
3070 3378
3070 7918
3072 9200
3072 8459
3074 5683
3075 3877
3075 5049
3075 5387
3076 7601
3076 6717
3077 8889
3078 7240
3079 7326
3080 6127
3081 3106
3081 4104
3082 5780
3082 9045
3082 4711
3082 5432
3083 3239
3084 7945
3085 3945
3085 4618
3086 3848
3088 9778
3088 5949
3088 4894
3089 3377
3089 6405
3089 3222
3090 6518
3092 8163
3093 3204
3093 6041
3096 9575
3097 5027
3098 7731
3098 7707
3099 3842
3099 9858
3100 6423
3101 4454
3102 7955
3104 5812
3105 5248
3108 4123
3108 7231
3109 9605
3110 9924
3110 6811
3111 6241
3111 9810
3112 8183
3112 4345
3113 5253
3114 3263
3115 3459
3117 9301
3117 7305
3117 3594
3117 6252
3118 5669
3118 6022
3118 6602
3121 5457
3121 9666
3121 3972
3121 3829
3122 4320
3122 4384
3122 6912
3122 5233
3122 3668
3122 3897
3122 7931
3123 3751
3124 8560
3124 6799
3125 4298
3126 4481
3128 3810
3128 4029
3129 4624
3129 4968
3130 4126
3131 6281
3132 3579
3133 3621
3133 3338
3134 9379
3134 8825
3134 6171
3134 5134
3136 4018
3136 3775
3136 6703
3137 6081
3137 3272
3139 6289
3139 4266
3139 7548
3141 4111
3143 7181
3144 3699
3145 8212
3145 5582
3146 4177
3146 3368
3146 3791
3148 4443
3148 3405
3150 5737
3152 3678
3154 9235
3155 3511
3156 4002
3156 7507
3158 3603
3158 7818
3161 6454
3161 6907
3162 3486
3163 5249
3163 4494
3164 3286
3164 6107
3164 6383
3165 8565
3165 5302
3166 9057
3166 9540
3167 4761
3169 3534
3172 5371
3173 8170
3174 3309
3175 6457
3176 3866
3176 4461
3177 3567
3177 8735
3178 3588
3178 5930
3179 9713
3181 5815
3181 7822
3183 7312
3183 8036
3184 8737
3184 4502
3184 3447
3184 3770
3185 5510
3186 7129
3186 8574
3188 7107
3189 7033
3190 6014
3191 7017
3191 9833
3191 4526
3193 9176
3194 7576
3196 9223
3200 4288
3201 8034
3201 3300
3201 4554
3201 5788
3202 6451
3202 8987
3203 9541
3203 4136
3206 5565
3207 4472
3209 3471
3210 5222
3210 9450
3210 4989
3211 9229
3212 4452
3212 7782
3213 6271
3214 6113
3214 3522
3214 4819
3214 7656
3214 3691
3214 5003
3219 5670
3219 4376
3220 5745
3220 6325
3220 6172
3221 4786
3221 8047
3224 4707
3225 3673
3225 3311
3225 8799
3226 6441
3226 7993
3227 7137
3227 4424
3228 7234
3229 5492
3229 9423
3230 4933
3230 8341
3231 6003
3231 5485
3234 4600
3234 5689
3235 4793
3236 5888
3239 7476
3240 4887
3240 6999
3240 4060
3240 5341
3241 8947
3241 5542
3242 9253
3242 9436
3242 9773
3242 4062
3243 6135
3243 6878
3246 4084
3246 6522
3246 9770
3246 8908
3247 6689
3247 4683
3248 4044
3248 5455
3249 7734
3250 8162
3251 8091
3253 6260
3253 8793
3254 3496
3254 4474
3254 7915
3260 6957
3264 8235
3266 5760
3266 5619
3266 4468
3266 8298
3267 8040
3269 5778
3269 5068
3270 3548
3273 3600
3273 6776
3273 8266
3273 9246
3274 7235
3276 5732
3276 3705
3277 4817
3277 7176
3278 3827
3279 7841
3279 9042
3280 6098
3280 3911
3282 3591
3283 4016
3283 5487
3284 5154
3286 3783
3288 6431
3288 6479
3289 7879
3291 4425
3292 3327
3293 7588
3294 3719
3294 5772
3295 7258
3296 4083
3297 6099
3297 8247
3298 4441
3298 4603
3299 9530
3299 9036
3300 5235
3300 8231
3300 5119
3301 4253
3302 8325
3302 6447
3303 4142
3304 5410
3304 5093
3304 4383
3305 8559
3306 5516
3306 9375
3308 5486
3311 5588
3311 9241
3311 5933
3312 7737
3313 5296
3313 4001
3313 4838
3314 9122
3314 7436
3315 3768
3316 3552
3316 5312
3317 5428
3317 4679
3317 7351
3317 7511
3317 5310
3318 5386
3320 4151
3322 5771
3323 4133
3324 6017
3324 9755
3325 6101
3325 4792
3325 6810
3327 3857
3327 4419
3328 4542
3329 4630
3329 7288
3330 3682
3330 7108
3331 6780
3331 4878
3332 4038
3332 4550
3332 9531
3332 3501
3332 4349
3333 5121
3334 5682
3337 3538
3337 4214
3337 6470
3340 3958
3341 6035
3341 4950
3341 5497
3341 3981
3342 5831
3342 4574
3344 4870
3345 9425
3345 5917
3347 7677
3350 5079
3351 6400
3352 4389
3352 4766
3353 8855
3354 4667
3355 6032
3356 9560
3357 6550
3358 5544
3358 6126
3359 6392
3360 3651
3361 4399
3363 9638
3363 4668
3366 3376
3368 8371
3368 8693
3368 5799
3370 6618
3370 9646
3371 7788
3373 3813
3373 3815
3376 3774
3376 5182
3379 3902
3380 8870
3382 3843
3382 5082
3383 6706
3383 3512
3385 5090
3386 4251
3386 5903
3387 4999
3388 6407
3388 3820
3388 6653
3389 6058
3393 3427
3393 3882
3395 3715
3395 4934
3396 7859
3396 9132
3397 9106
3397 3835
3400 6791
3402 4052
3405 3966
3407 6474
3407 7434
3408 6551
3409 4221
3410 4592
3410 8681
3410 4250
3411 9925
3411 5295
3412 4426
3413 4433
3414 4780
3415 7379
3416 5754
3418 5344
3419 8232
3420 6654
3422 8354
3422 7083
3424 3531
3424 5453
3425 4160
3425 8451
3426 3537
3429 5124
3429 9997
3433 6420
3434 4403
3435 3944
3435 9822
3438 6528
3439 5592
3439 5001
3440 7458
3441 4760
3442 3543
3442 4541
3443 7530
3444 9127
3446 3626
3447 4916
3448 9409
3448 5095
3449 6597
3449 5275
3450 6580
3450 5054
3451 3741
3451 6015
3452 5334
3452 7369
3453 3606
3453 5862
3453 7159
3454 7502
3457 4529
3457 7889
3457 3609
3458 4843
3461 6433
3462 9457
3462 4882
3462 5618
3463 5938
3464 4676
3464 4423
3465 3786
3465 4446
3466 5098
3467 8516
3471 5436
3472 7633
3472 7681
3472 3607
3473 7273
3474 7828
3475 9254
3476 4682
3478 7987
3478 4324
3478 9387
3481 3681
3481 8226
3481 6827
3486 4723
3487 6051
3487 7814
3488 6940
3492 8626
3493 3818
3494 6511
3496 3696
3497 3923
3497 3692
3499 8752
3500 3893
3501 6987
3501 6286
3503 8826
3503 3933
3503 6158
3504 7111
3506 5159
3507 4729
3509 5136
3509 4098
3509 7094
3511 8470
3511 4154
3511 5338
3513 4311
3513 6871
3514 9121
3514 9703
3517 9107
3517 3930
3517 5051
3518 4839
3519 5816
3519 5707
3520 6208
3520 3700
3521 7568
3522 4775
3522 5720
3522 4077
3526 8313
3526 6074
3526 4653
3527 4460
3531 6288
3532 4429
3533 6001
3533 3679
3534 9298
3534 5757
3535 4264
3538 4920
3539 6845
3539 4798
3541 4000
3541 5146
3542 7127
3543 4224
3545 5604
3546 7224
3547 7891
3547 5210
3547 7452
3549 7478
3549 4392
3551 7763
3554 5988
3555 4342
3555 5307
3558 7238
3558 6155
3559 8950
3559 9927
3560 5306
3561 5923
3562 5045
3563 5361
3567 4329
3571 5317
3572 4718
3573 3683
3573 6472
3574 5348
3578 5220
3579 4493
3579 9022
3580 3992
3580 7534
3581 5797
3582 5993
3583 9312
3583 7617
3583 3871
3583 5791
3584 6243
3584 7560
3585 8328
3585 7468
3585 7581
3588 3687
3589 9215
3590 5438
3592 5065
3594 5661
3594 5166
3595 8503
3595 7786
3596 4120
3596 4714
3597 3703
3599 4834
3599 5198
3601 4757
3601 9135
3603 4610
3606 5189
3606 3819
3607 6170
3608 4130
3609 5016
3610 6514
3610 5048
3610 5177
3611 8198
3611 6697
3612 5902
3614 4822
3614 8670
3615 8256
3616 3662
3617 9845
3617 3800
3618 6914
3618 9687
3619 6571
3620 7550
3621 4182
3621 6990
3623 6714
3624 6456
3625 8536
3627 7463
3627 4794
3631 7739
3632 4171
3632 5759
3635 4364
3636 5400
3636 6024
3638 7875
3638 7236
3639 3817
3640 7414
3642 5568
3644 4149
3644 9160
3644 4652
3646 7362
3646 5131
3647 7921
3647 6239
3649 7654
3650 6549
3650 8455
3650 4552
3652 7906
3652 5705
3653 5089
3653 5449
3653 8637
3655 4776
3656 4305
3658 4569
3659 3880
3659 6575
3660 3729
3660 8914
3661 4849
3662 5393
3662 9508
3663 8547
3665 3920
3665 6016
3665 9514
3667 7124
3668 5186
3669 6186
3671 6378
3672 7332
3672 5351
3674 6455
3675 7842
3676 7504
3676 4545
3676 4051
3678 9384
3679 8915
3680 9552
3681 8882
3683 6316
3686 5555
3686 6422
3686 9630
3687 5624
3688 3718
3690 4181
3690 7245
3694 4048
3694 9272
3695 7484
3695 9164
3696 8423
3696 4458
3697 5000
3700 4589
3700 3855
3702 9392
3702 7516
3703 5128
3706 4368
3706 9744
3706 6739
3707 5873
3707 5066
3707 7020
3709 3918
3710 4313
3711 8353
3712 4036
3713 8017
3713 6190
3714 5522
3714 4523
3715 5536
3715 9125
3715 7836
3717 8466
3717 6536
3719 4230
3720 5284
3723 5430
3724 7783
3726 5470
3727 6656
3727 9090
3727 7939
3727 6121
3729 6290
3729 9427
3730 7663
3731 6192
3732 8738
3732 5230
3733 5329
3733 6355
3734 5340
3736 4080
3736 5752
3738 5847
3742 5362
3742 6363
3744 7830
3744 5755
3746 3961
3746 6941
3747 8244
3749 4162
3749 6194
3749 8107
3750 7204
3750 9622
3751 9988
3752 4369
3754 9220
3754 9290
3755 5493
3755 4279
3760 9315
3760 8708
3760 5480
3760 6232
3762 5472
3762 4116
3762 5418
3763 6445
3765 5968
3765 9715
3766 9139
3767 4310
3767 9823
3769 7442
3769 4525
3770 6541
3771 8771
3771 6716
3772 5867
3774 4200
3774 5901
3778 6488
3778 6094
3779 5238
3779 6029
3781 4486
3782 3805
3784 6144
3784 8726
3787 9400
3789 7527
3789 5356
3789 9919
3791 6581
3791 6862
3791 8815
3792 3799
3794 3881
3795 6945
3795 3859
3795 4476
3795 8045
3796 8819
3796 7063
3797 9426
3800 8993
3800 4252
3801 6404
3801 5733
3801 7750
3801 3837
3804 6720
3804 4585
3806 6391
3807 7334
3809 4412
3810 3828
3811 5857
3811 9445
3812 4975
3814 8656
3816 7794
3816 8249
3816 4570
3818 9850
3820 9991
3821 8184
3821 9624
3822 4899
3824 7584
3825 7179
3825 9965
3826 3951
3827 6516
3827 4278
3828 6062
3829 8098
3830 4432
3830 9565
3832 5347
3832 7272
3834 4388
3835 6784
3835 5350
3835 4427
3838 8066
3839 5638
3839 6683
3840 7280
3840 5730
3840 7973
3840 5112
3841 5402
3841 6427
3845 7501
3846 6985
3847 4724
3847 8788
3848 5240
3850 3941
3851 5796
3852 8347
3854 4743
3854 7113
3854 7966
3856 7284
3858 4046
3860 4357
3861 8246
3862 9832
3863 4385
3863 9465
3863 9487
3865 5138
3866 8722
3866 5963
3866 5279
3867 7341
3868 6389
3868 9274
3869 7793
3869 5482
3869 5323
3870 6225
3870 6073
3872 6443
3873 4741
3873 7021
3874 9304
3875 6020
3875 5798
3875 6503
3878 9555
3878 6217
3878 7422
3879 5252
3880 6546
3880 5445
3880 5099
3881 4170
3884 5836
3884 4797
3885 5633
3885 6633
3886 4877
3887 4338
3887 4740
3887 7095
3888 4561
3892 4815
3893 6201
3894 7592
3896 8869
3896 3900
3897 7022
3901 8982
3902 4782
3903 9280
3903 8133
3905 8956
3905 7261
3907 9551
3909 8089
3910 8424
3910 6926
3910 5823
3911 6334
3912 9266
3912 8940
3913 4537
3922 6774
3923 6876
3926 9416
3928 4216
3930 5599
3931 6104
3934 5851
3936 6790
3937 3942
3939 6466
3940 5878
3941 5005
3941 4175
3942 4150
3943 9585
3943 7874
3944 4862
3948 4284
3949 6191
3950 4485
3950 8095
3951 4217
3952 7862
3953 6788
3954 8505
3956 5621
3957 4163
3958 5014
3960 9920
3961 7203
3961 4510
3965 9688
3965 4393
3965 5322
3967 6450
3968 7610
3970 9793
3970 8011
3971 5272
3971 4332
3973 5408
3974 8076
3976 5475
3976 9225
3976 9403
3977 4197
3977 8969
3979 9279
3983 9021
3984 6629
3985 4651
3986 8059
3987 4499
3987 8998
3987 4943
3988 5524
3989 7366
3989 8488
3989 4363
3989 9819
3989 6174
3989 7823
3990 4049
3990 9371
3992 4100
3994 7152
3995 6538
4000 7985
4001 7650
4006 7943
4007 5844
4007 4791
4007 8408
4008 6823
4010 5632
4015 4308
4018 6661
4018 5593
4021 4118
4021 5358
4021 6543
4022 4226
4022 4232
4022 7243
4023 5102
4024 4193
4024 6994
4025 4967
4026 6409
4026 7999
4027 7363
4027 8725
4027 6647
4030 6193
4031 5854
4032 9255
4034 9013
4034 4795
4034 4620
4035 7603
4036 6980
4037 9414
4039 8420
4040 8961
4040 4687
4041 5478
4042 8436
4042 4539
4043 5227
4044 4223
4047 6010
4049 4359
4049 8251
4049 5117
4052 8418
4052 7951
4053 4259
4054 4803
4054 6869
4054 7496
4055 8227
4056 7216
4056 8440
4057 6222
4059 9685
4060 5875
4061 5185
4061 8542
4062 8265
4063 7726
4065 6240
4065 5103
4067 5874
4069 4091
4071 6674
4075 6646
4077 5841
4077 5907
4078 8352
4078 9619
4078 8797
4079 5111
4082 4101
4084 5852
4086 8414
4089 4174
4089 7742
4090 9494
4090 9942
4091 4131
4092 7996
4093 5221
4094 4704
4094 7071
4095 8292
4097 6679
4097 7003
4098 8992
4098 4727
4101 5776
4101 5342
4102 4820
4103 6453
4103 4969
4104 4957
4104 9726
4105 5434
4106 7883
4109 6612
4109 7609
4111 9117
4113 4697
4115 7762
4116 6163
4117 9824
4118 4165
4120 5821
4122 5920
4123 6083
4123 6970
4127 4185
4128 6497
4130 4373
4130 4190
4131 5429
4136 8188
4137 5127
4137 5919
4138 9665
4140 4211
4142 4187
4142 4237
4143 5526
4144 4745
4146 4198
4146 4330
4146 4317
4148 8879
4150 5620
4150 4583
4150 9015
4152 6054
4152 5657
4152 5023
4154 5297
4155 6120
4158 5041
4158 7426
4164 8497
4164 7858
4166 5954
4167 6623
4168 5446
4171 8577
4174 8553
4176 4770
4176 8948
4178 5392
4179 7664
4181 8054
4181 5144
4182 6512
4184 5753
4185 6111
4187 7416
4187 5135
4191 8939
4191 5390
4192 7228
4194 4832
4194 4201
4195 8976
4195 6463
4197 7619
4197 5207
4198 9877
4199 4778
4199 6572
4200 8776
4200 5324
4201 4536
4201 5501
4202 4631
4203 6730
4203 4300
4206 6988
4207 5940
4208 5801
4208 4459
4211 7695
4215 4414
4216 8657
4216 7059
4216 7715
4217 9821
4219 9218
4219 6280
4219 5164
4220 4983
4222 8951
4222 5864
4223 7920
4225 6012
4226 4483
4226 8821
4227 9691
4229 6544
4229 8655
4230 4818
4231 4355
4232 9159
4233 8770
4233 9916
4236 7776
4237 6609
4238 4535
4238 7038
4239 7377
4239 6967
4240 5142
4248 6106
4249 7865
4249 5083
4249 5804
4252 5715
4253 6213
4253 7423
4256 9643
4256 5231
4257 8933
4257 6247
4258 8753
4258 6856
4258 9321
4258 7485
4259 7876
4259 8445
4260 8290
4262 4800
4264 9100
4265 7008
4265 5029
4265 5735
4266 4356
4266 5932
4270 7494
4270 8191
4271 9114
4271 8910
4272 8401
4272 7373
4273 5748
4274 7644
4276 5315
4276 4710
4278 8130
4278 6919
4279 6487
4281 9592
4282 5650
4284 4708
4284 4726
4284 5783
4285 8548
4286 6547
4286 5659
4288 4290
4288 4629
4290 7853
4292 7162
4294 8164
4294 5945
4295 6312
4295 9002
4299 8603
4300 5477
4301 5043
4305 7616
4307 6103
4307 9660
4311 7205
4313 5321
4313 4605
4314 5734
4316 9483
4317 5905
4318 5125
4318 6519
4318 7499
4319 6882
4319 4796
4323 9698
4323 4750
4324 5738
4325 7155
4325 8622
4326 7761
4326 9940
4326 8949
4326 9433
4330 6244
4333 6461
4333 8749
4333 8239
4335 5992
4336 6251
4338 8750
4340 5380
4340 5078
4341 8703
4344 7913
4347 5406
4348 5206
4349 4500
4349 5101
4350 8911
4352 4900
4356 8200
4357 7541
4357 7302
4358 4505
4358 4990
4358 9166
4360 4482
4360 4662
4360 9547
4365 5880
4366 8520
4366 9677
4367 6807
4370 8449
4372 8527
4373 9345
4373 7461
4374 5671
4378 7908
4379 5389
4381 9648
4382 6604
4386 8084
4386 6382
4387 5793
4387 4522
4387 4586
4390 8786
4390 5614
4390 9007
4392 8963
4392 5965
4395 4762
4396 7042
4398 6684
4399 7215
4400 7655
4400 9311
4401 6460
4402 6346
4403 5767
4406 4903
4407 9865
4408 5528
4408 6344
4408 8796
4408 9005
4408 7838
4409 6932
4411 4774
4412 5266
4412 7390
4413 7061
4413 5311
4417 5162
4420 5584
4421 8155
4421 7614
4421 9647
4422 6204
4423 5637
4426 7031
4426 7821
4427 4435
4427 8446
4429 5935
4430 8384
4430 7143
4435 5466
4438 6152
4442 6920
4442 8377
4443 7214
4445 7536
4447 4688
4447 7831
4447 8025
4448 6402
4448 7062
4451 5826
4454 6821
4454 7093
4454 9519
4455 7672
4461 7367
4462 4490
4466 8406
4467 4806
4468 5332
4469 5790
4473 6102
4474 5904
4477 8063
4480 7285
4483 6949
4483 5928
4484 4680
4485 9572
4487 6037
4488 8214
4489 7886
4491 9032
4492 7950
4493 5209
4494 9462
4496 4930
4496 4812
4499 8003
4499 4923
4504 6931
4505 4648
4509 5490
4509 6374
4512 4752
4514 5250
4514 6387
4516 8881
4516 8665
4519 6605
4520 9844
4522 7201
4522 5687
4522 7916
4525 8388
4525 7992
4526 9067
4527 5525
4529 6417
4530 5495
4531 8116
4531 5269
4531 8767
4532 7591
4534 7779
4537 5025
4538 5395
4538 9273
4540 6293
4540 5080
4540 6154
4540 5069
4541 5172
4542 8083
4542 7454
4545 6311
4545 6956
4546 8157
4547 9764
4548 7792
4548 5540
4548 9052
4549 9734
4552 5046
4553 8225
4554 5420
4557 6276
4558 9449
4559 6668
4560 4640
4560 6725
4560 6615
4560 7551
4561 6955
4564 5837
4564 8845
4566 7837
4572 8300
4573 8221
4577 9305
4579 9545
4580 5040
4580 5700
4580 4635
4581 4962
4581 5287
4583 9583
4585 6043
4585 7213
4586 6659
4586 5898
4590 5012
4590 7157
4591 8628
4593 9489
4593 4808
4596 9869
4598 5318
4598 4733
4601 5703
4602 9999
4603 7194
4603 5885
4605 5353
4606 4641
4609 5009
4609 6658
4609 7401
4609 7084
4615 6467
4615 5989
4615 8141
4617 9475
4617 5556
4619 5354
4621 8664
4623 4768
4625 7140
4625 4973
4626 6166
4626 5130
4627 5814
4628 9520
4630 5539
4630 6863
4633 8934
4634 7345
4635 9730
4635 6485
4636 6484
4640 5883
4642 5278
4643 9945
4644 5104
4645 5251
4646 6329
4649 5258
4650 5858
4650 7356
4655 5160
4656 4692
4656 6181
4657 8259
4657 5226
4662 4691
4662 5653
4662 6039
4663 5327
4666 5271
4667 6376
4669 5105
4669 6145
4669 8180
4669 6950
4670 7869
4671 8345
4671 9818
4673 9811
4675 6071
4675 6008
4676 4876
4677 4773
4677 6254
4677 8975
4679 8672
4681 6672
4682 8759
4683 8610
4686 7405
4687 9424
4688 5195
4689 7486
4690 7186
4695 5855
4696 6229
4696 6662
4699 6763
4700 9612
4702 4906
4703 7936
4704 7443
4704 4918
4704 9276
4707 6368
4708 6313
4710 7431
4712 6978
4712 6525
4713 5648
4713 5590
4713 5370
4713 5039
4714 6310
4715 5316
4716 7555
4716 5532
4719 6128
4720 7207
4720 9069
4720 6494
4720 8094
4721 5440
4721 5721
4721 9151
4723 7637
4723 8086
4723 5246
4726 6911
4728 8568
4729 5872
4731 7669
4731 7926
4738 8103
4739 9742
4741 7714
4742 4767
4745 8016
4746 6498
4747 9584
4749 6021
4750 5141
4751 7208
4753 5337
4753 4763
4754 8471
4754 5308
4755 4944
4755 9581
4756 7282
4756 7941
4757 7490
4757 5996
4757 5725
4758 4889
4760 6530
4760 7757
4761 9365
4762 7259
4764 8865
4764 6491
4765 8075
4765 4860
4769 8268
4770 8844
4771 9056
4772 7256
4772 6220
4773 5969
4775 8957
4776 4777
4778 9008
4778 8158
4780 6816
4780 7520
4781 7023
4782 8393
4783 7328
4785 8062
4788 8390
4789 8810
4790 6033
4790 4829
4793 7893
4793 9598
4795 6262
4796 5557
4796 7445
4796 4890
4797 6723
4799 7028
4802 4985
4806 6139
4809 5665
4810 4892
4812 6600
4815 6357
4815 9147
4816 9827
4816 5995
4818 7749
4818 5631
4819 8411
4820 8667
4822 5521
4822 7692
4824 8784
4824 6361
4825 9873
4825 6146
4825 6230
4831 5675
4832 7232
4832 7989
4832 7303
4834 7057
4834 6603
4836 5448
4841 6321
4841 5256
4841 9437
4842 9240
4842 5577
4842 6879
4845 6523
4846 7585
4846 6761
4849 4902
4850 7440
4850 8106
4852 6500
4854 5602
4855 6992
4856 7055
4858 7689
4858 8974
4859 7905
4860 9718
4861 5792
4861 6365
4863 5564
4864 8395
4865 8218
4866 8952
4867 6822
4869 8077
4871 6680
4871 8318
4872 5031
4874 9779
4876 7447
4877 8546
4877 9236
4878 8578
4879 5205
4880 7244
4881 6351
4882 8001
4882 5087
4883 9908
4885 6469
4887 7268
4888 8463
4891 9134
4892 9447
4892 6395
4893 6820
4894 8897
4897 7126
4897 7645
4898 6048
4898 5419
4899 6898
4899 8583
4900 7412
4900 6379
4902 5382
4902 6726
4903 9962
4904 5527
4906 8364
4907 8295
4910 9507
4910 9094
4911 5421
4914 7403
4916 5011
4916 5876
4916 8795
4917 7001
4917 8474
4921 9973
4922 5856
4922 7311
4929 5958
4932 8121
4933 6116
4933 5850
4933 8588
4933 6237
4935 9589
4936 6465
4938 6284
4940 4972
4941 8368
4944 8131
4945 6324
4947 8632
4948 7029
4951 6582
4951 5303
4951 5038
4953 7471
4954 5237
4955 6249
4957 6698
4959 6960
4960 9511
4960 6843
4962 6458
4963 8498
4963 8684
4966 6040
4966 6266
4966 8783
4968 8526
4969 9043
4970 8315
4971 9977
4972 5749
4978 7784
4980 8645
4987 5640
4989 6836
4989 6678
4989 7190
4992 5461
4994 7274
4996 8860
4997 6983
4997 6588
5000 5403
5002 5547
5005 7661
5007 6569
5007 6923
5009 8088
5011 6342
5012 5223
5016 6534
5017 7411
5020 5899
5020 5391
5022 8856
5026 6371
5029 9568
5029 9284
5029 7110
5030 8902
5030 5149
5031 7998
5032 5994
5035 9491
5035 8397
5036 6446
5039 5622
5042 5513
5043 5611
5043 6700
5046 8114
5046 6539
5049 5147
5050 9571
5051 5546
5054 9263
5057 5971
5058 9686
5058 9609
5059 5282
5060 9275
5062 7850
5067 7785
5069 8679
5072 5115
5072 5694
5073 6006
5073 6828
5074 5714
5075 8454
5076 5286
5079 9000
5080 7342
5081 5352
5081 7801
5081 8026
5088 9141
5090 8692
5090 8153
5091 7851
5092 7226
5095 6968
5097 8081
5097 7795
5103 6903
5103 5465
5105 7946
5105 5644
5105 9644
5106 5860
5107 6227
5107 8541
5109 9760
5110 5768
5111 9201
5112 5367
5113 7696
5113 8873
5114 9441
5114 9875
5116 6413
5119 9410
5119 8811
5121 7958
5121 7513
5122 7049
5123 5849
5124 7177
5125 5173
5127 6336
5127 9733
5128 5835
5129 7524
5129 6396
5130 5839
5131 6837
5131 9993
5132 9376
5132 9579
5135 7104
5135 7149
5136 6548
5139 8651
5140 5459
5140 9035
5140 5199
5142 7789
5145 6762
5146 6685
5148 8476
5149 5605
5151 8289
5151 6223
5152 7971
5153 7230
5155 5676
5156 9250
5158 7604
5161 8864
5161 8754
5163 6798
5170 6936
5171 7376
5171 6319
5174 9634
5174 8149
5177 6359
5178 8704
5178 7596
5181 6630
5182 7304
5183 9809
5184 5583
5185 9128
5185 8524
5187 8041
5190 9278
5193 6042
5195 6406
5196 5343
5201 8271
5202 5214
5203 6507
5206 9126
5206 7725
5208 5503
5209 5634
5214 9473
5214 8831
5218 6418
5224 6182
5225 5761
5225 5396
5225 8842
5226 6075
5228 9868
5231 6212
5231 6872
5234 6056
5234 9291
5234 8734
5237 5645
5238 9299
5240 7318
5242 5731
5244 9885
5246 7542
5246 6088
5246 6377
5247 9180
5247 9310
5248 7358
5249 8350
5250 7817
5250 8652
5252 8696
5253 5832
5254 5981
5255 9992
5255 9342
5256 9943
5260 5494
5261 5591
5261 7884
5266 7535
5272 9767
5274 8739
5274 5304
5276 8954
5278 5655
5279 9185
5293 7357
5294 7154
5294 9501
5296 9799
5296 9480
5299 7620
5301 5600
5302 8838
5303 8479
5304 5456
5306 7963
5309 5579
5311 5667
5313 9137
5314 6721
5317 7394
5319 5398
5321 7556
5322 6416
5322 7722
5324 8569
5325 7368
5326 7994
5327 8360
5329 6765
5329 8079
5331 8822
5337 8585
5338 6840
5339 8534
5340 6509
5341 6136
5341 7144
5341 7772
5346 7882
5347 6966
5348 5747
5349 6291
5349 5742
5350 7219
5354 8650
5354 8222
5355 5450
5356 8359
5358 6196
5358 7846
5363 7639
5363 6778
5364 6532
5364 5998
5365 5369
5366 5491
5367 8193
5368 9897
5368 6219
5369 6641
5369 9314
5370 6122
5371 5906
5373 8587
5374 5974
5376 7147
5376 9931
5379 9396
5380 8481
5381 6482
5381 7503
5382 9152
5382 6185
5383 6228
5383 5612
5384 9674
5385 5912
5385 6574
5386 5785
5386 5723
5387 6096
5389 5444
5389 9960
5389 5677
5392 5893
5393 6027
5394 8944
5394 9704
5397 8880
5397 7314
5397 9055
5399 8070
5399 9596
5400 9947
5405 6028
5405 5534
5406 5666
5407 7297
5408 6341
5412 5956
5412 8566
5415 8745
5416 6916
5416 9781
5416 6649
5416 5948
5418 8582
5420 8380
5420 9613
5420 6270
5421 8460
5422 7748
5422 6749
5423 6677
5424 9370
5424 5468
5427 8606
5429 8966
5430 9012
5431 7189
5431 7878
5434 8820
5435 5718
5435 7182
5436 7897
5439 8843
5445 8489
5447 8250
5449 8394
5450 6112
5451 5756
5451 9038
5459 7337
5463 6261
5463 5598
5464 9456
5464 6540
5466 5773
5470 7239
5471 6594
5472 6137
5473 8478
5477 6335
5478 6475
5483 5615
5487 8521
5487 8303
5488 5729
5488 6579
5490 8977
5490 7467
5490 7119
5492 6315
5493 8206
5494 6887
5497 7522
5498 8901
5499 6842
5499 6542
5502 8311
5503 8317
5504 8458
5504 9917
5505 8690
5505 9332
5506 5690
5506 8140
5507 6953
5507 7593
5508 9842
5509 6013
5511 6331
5514 8775
5516 9095
5516 8125
5517 8270
5518 9557
5519 6235
5520 9472
5522 7781
5522 5702
5523 6648
5523 5882
5526 7092
5526 6568
5526 7354
5527 8333
5528 6875
5529 6053
5531 6279
5531 8936
5532 8469
5533 5918
5534 6499
5534 7171
5535 8604
5537 8595
5542 5586
5545 8154
5545 7163
5546 7419
5547 7952
5551 7173
5551 8485
5551 6620
5552 8374
5558 9738
5558 7646
5559 6553
5560 5636
5561 6908
5564 9098
5565 6195
5570 6928
5571 9690
5571 7835
5574 8554
5574 5982
5577 7146
5578 8486
5580 9522
5581 6299
5582 8260
5583 9504
5583 6253
5586 7128
5587 5846
5588 8413
5589 8337
5591 5684
5593 8493
5594 9029
5600 7100
5601 7488
5611 5830
5615 9256
5615 9343
5626 9093
5626 8447
5627 9171
5629 8984
5635 7221
5638 9112
5643 9620
5644 7856
5648 5743
5649 8351
5653 9929
5653 5695
5656 8782
5657 8611
5661 7275
5664 7381
5665 7514
5667 9701
5667 9963
5668 7547
5668 7582
5672 6801
5672 8579
5674 5840
5681 6665
5685 7421
5686 8762
5686 6031
5687 8058
5687 7371
5692 7098
5697 7180
5699 6049
5699 6205
5701 6157
5702 6307
5704 6948
5704 8985
5710 9258
5711 7910
5711 9544
5712 6255
5713 7315
5714 7085
5715 9091
5717 6437
5717 9957
5720 6055
5721 7313
5721 7464
5724 7778
5724 9161
5727 6123
5729 5777
5730 9834
5730 6559
5732 9041
5735 6918
5735 7546
5736 6888
5738 5924
5741 8039
5742 6591
5743 8931
5745 6835
5749 7267
5752 8643
5752 8573
5755 5834
5758 6257
5761 8866
5764 7322
5765 8242
5765 6660
5767 8644
5775 8031
5779 8344
5781 7086
5783 6613
5787 6566
5787 9672
5790 6108
5790 7279
5793 9980
5795 6034
5795 6162
5797 6064
5797 7558
5799 9458
5801 8196
5802 9175
5802 6972
5803 6426
5805 7730
5807 7066
5808 7687
5812 8874
5816 6133
5818 8601
5822 6673
5822 9214
5825 8072
5826 6473
5826 5979
5829 6688
5829 7732
5831 6294
5831 9740
5832 9621
5834 9389
5837 7132
5843 5951
5845 6533
5850 6370
5850 6372
5852 7521
5852 8402
5852 6596
5855 6930
5855 6314
5862 6794
5864 7544
5865 6092
5869 6129
5870 5962
5871 9319
5873 6754
5874 9959
5877 7729
5881 9616
5882 6608
5884 6082
5885 7854
5886 9972
5887 5943
5890 9430
5892 7956
5892 9915
5893 6719
5895 6752
5896 9961
5898 6282
5900 5937
5902 6168
5903 9110
5905 9907
5908 6412
5909 7019
5909 8428
5911 6202
5917 6501
5918 7024
5918 7053
5919 9725
5923 6789
5924 9894
5927 9661
5927 9694
5930 7206
5930 8182
5931 6320
5934 9932
5937 6905
5938 6380
5941 9468
5943 7090
5943 8022
5945 9283
5947 8803
5949 5984
5950 6278
5951 9914
5952 9790
5953 5985
5958 6327
5959 9706
5961 6638
5962 8755
5962 9684
5965 6089
5967 7352
5968 9861
5968 9534
5970 7495
5974 9088
5978 7505
5979 7673
5981 8499
5981 7241
5985 9788
5992 6692
5993 8854
5993 9902
5994 8404
5996 7531
5997 6913
5999 6561
5999 9553
6005 9979
6007 7046
6007 9286
6007 8009
6008 9059
6008 8087
6008 8798
6011 6369
6011 7324
6015 9859
6016 6471
6025 8097
6027 6198
6027 7417
6029 9772
6033 7872
6033 9099
6036 9434
6037 9383
6040 8968
6042 9129
6044 8586
6046 9210
6047 6066
6047 6118
6047 9086
6049 6796
6049 9548
6055 6901
6056 6520
6056 9720
6056 6830
6057 9136
6058 7136
6060 6298
6061 9898
6064 9369
6067 7002
6067 6687
6069 6635
6069 7229
6072 6640
6072 6483
6072 7295
6073 9237
6075 7378
6081 8549
6081 7487
6082 9595
6086 6558
6088 6258
6091 8809
6092 8818
6094 9309
6095 6783
6097 6645
6097 9864
6097 7372
6100 8110
6104 8511
6105 8203
6109 9556
6110 7833
6111 9901
6111 6974
6114 9351
6116 8462
6121 8671
6123 6750
6125 8766
6127 8850
6129 9708
6136 8649
6139 8173
6139 6910
6141 9293
6145 9368
6146 7942
6152 7355
6152 6332
6154 6564
6155 9603
6158 8639
6160 6414
6161 7642
6163 6880
6163 7804
6165 6924
6166 8535
6167 6526
6177 9217
6182 7386
6186 7622
6186 8539
6188 8108
6193 8558
6193 7919
6195 7040
6196 8074
6197 9710
6198 8379
6201 9689
6206 8320
6207 7382
6207 6874
6216 9576
6224 8398
6227 9543
6229 7016
6229 7036
6237 6642
6240 8980
6240 8615
6241 9190
6241 6764
6246 9334
6248 8150
6251 7948
6252 6297
6253 9906
6258 7635
6260 9248
6262 6274
6267 8269
6269 8329
6270 7069
6272 8005
6274 6356
6278 6537
6279 9667
6283 9027
6284 7519
6285 6323
6289 7741
6291 6793
6292 6809
6293 6768
6293 9611
6294 6309
6295 7336
6296 9074
6298 6442
6300 8467
6306 7134
6308 7949
6309 7575
6310 9020
6312 9948
6320 9053
6324 8035
6324 7172
6328 7106
6330 8805
6330 6333
6332 7759
6338 7051
6341 7257
6341 6490
6341 8010
6342 8208
6343 8186
6345 6922
6346 7396
6347 6757
6348 9049
6350 8513
6354 7803
6355 8422
6355 6408
6359 8037
6363 8204
6365 9325
6369 8051
6371 8802
6371 8677
6377 7418
6378 8276
6380 7350
6386 9529
6388 8876
6393 7682
6393 8851
6394 9668
6397 8053
6401 7605
6401 7255
6402 9408
6402 9515
6404 6468
6404 6747
6405 7427
6410 9921
6412 8417
6413 8589
6417 6696
6419 6891
6422 8616
6426 7078
6427 8768
6432 9594
6434 8179
6434 7101
6435 7685
6440 8338
6444 8515
6445 7225
6449 6704
6452 8064
6453 7174
6458 8263
6460 6786
6460 8438
6462 8308
6464 9521
6466 8258
6467 8490
6467 9614
6473 9506
6475 8523
6476 9513
6478 8920
6488 8261
6488 7306
6489 8049
6489 8386
6490 9891
6493 6710
6494 8551
6497 7805
6498 7557
6499 6770
6501 8929
6502 7453
6513 8740
6515 8307
6515 8918
6519 9245
6525 9108
6527 9978
6527 8348
6530 8962
6534 8291
6536 9816
6537 6976
6540 7961
6541 8868
6543 7277
6544 8958
6557 8561
6562 9264
6566 8236
6569 9205
6570 8705
6572 8189
6581 7727
6585 7067
6591 7968
6591 8483
6592 7703
6593 7903
6595 6979
6598 7894
6599 7415
6601 8529
6602 6857
6603 8646
6604 9573
6606 6781
6608 9582
6609 8117
6613 8635
6623 8794
6623 9454
6632 6742
6632 9239
6633 7260
6636 8669
6637 9558
6640 6906
6641 9928
6644 7775
6646 6846
6647 8496
6649 7847
6651 9189
6660 6818
6660 9148
6661 8475
6662 8052
6663 8777
6664 8363
6673 7914
6677 7680
6678 6900
6678 6890
6689 7065
6690 7659
6694 8092
6705 6819
6709 8715
6722 9193
6728 8544
6729 7624
6729 8491
6731 9040
6732 9806
6734 8688
6737 7348
6737 7924
6737 8744
6741 7211
6743 9532
6744 8407
6744 9359
6752 8991
6753 7054
6756 7885
6757 7736
6764 7528
6767 7595
6768 6854
6773 6883
6775 7711
6776 7809
6776 7252
6778 7265
6778 7611
6781 7015
6782 9252
6786 8970
6787 9484
6791 8835
6798 8817
6800 8015
6802 6839
6805 7466
6809 7988
6810 7508
6812 7380
6814 9939
6815 7845
6819 9202
6822 7684
6825 8623
6830 6884
6831 9407
6832 9155
6839 6952
6842 9729
6844 7316
6846 7510
6848 8859
6848 7774
6855 7716
6855 8877
6856 6947
6860 9731
6861 8431
6863 9167
6866 8814
6868 7625
6871 7678
6876 8002
6879 8335
6883 9528
6884 7388
6887 8159
6889 8607
6889 9039
6890 9420
6891 9184
6891 9777
6891 9577
6894 7679
6901 8662
6910 9170
6911 8304
6912 9516
6916 7473
6918 7515
6926 8602
6930 9001
6931 9413
6932 7025
6933 9756
6937 7790
6941 6944
6944 8627
6944 6969
6946 9658
6947 7697
6949 7923
6951 7848
6952 8698
6954 7300
6955 7839
6956 7353
6957 7834
6960 8385
6960 6997
6962 9030
6962 8105
6965 8383
6968 7073
6970 9505
6974 7217
6976 9115
6979 7218
6981 7043
6983 6995
6986 9188
6986 8138
6995 7562
6996 7346
6997 9569
6999 8324
7001 8557
7003 7618
7003 8482
7007 8840
7009 9157
7009 7517
7009 7327
7014 8410
7021 7406
7022 9958
7024 8018
7024 8019
7024 9631
7025 7766
7028 7331
7029 9203
7034 7583
7035 8093
7038 7446
7043 9257
7045 9968
7047 8731
7052 7657
7053 8425
7053 8030
7054 7641
7059 7607
7060 9486
7064 9058
7066 8899
7068 9034
7070 9270
7070 7480
7079 9461
7082 7456
7084 7131
7088 9757
7091 8816
7100 9847
7101 9324
7103 9444
7110 7338
7111 8067
7117 9876
7118 9904
7124 7864
7125 9748
7125 8090
7128 9696
7128 7917
7129 9177
7131 7600
7131 7686
7132 7676
7132 9390
7136 9723
7140 7861
7141 9417
7148 8273
7154 9831
7159 7290
7160 9966
7161 8571
7165 9659
7173 8545
7174 9327
7175 9956
7176 7199
7177 7193
7182 8900
7184 8751
7188 7296
7193 9294
7194 8120
7195 8612
7197 8365
7203 9061
7214 7977
7219 9488
7225 8519
7228 8917
7228 8955
7230 7901
7233 9064
7236 7563
7236 7709
7237 8609
7240 7721
7242 9231
7243 9792
7244 9680
7247 8245
7259 9406
7265 9187
7265 7526
7266 8728
7272 8405
7273 8148
7276 8700
7277 9853
7286 8137
7287 9009
7289 8748
7290 8743
7292 8468
7292 9144
7295 8675
7296 9249
7297 9378
7299 8718
7301 8717
7302 9181
7304 9079
7305 9938
7305 8691
7308 7579
7311 9186
7315 8807
7321 8147
7321 9198
7325 9440
7326 7375
7327 7552
7344 9361
7345 7800
7346 9119
7349 9768
7350 9580
7355 8128
7362 8674
7362 8779
7363 9841
7370 7701
7377 7953
7385 8893
7387 9381
7396 9153
7397 8598
7398 8028
7415 8789
7418 7706
7419 8790
7423 9109
7424 8433
7429 8979
7429 7930
7433 8841
7439 7634
7443 9318
7444 8999
7453 8262
7456 8248
7461 8530
7464 9265
7466 8055
7471 8857
7473 7597
7476 7815
7479 8630
7480 8442
7481 9003
7482 9282
7483 7599
7492 8033
7492 7545
7496 7965
7497 7630
7498 9333
7499 8892
7502 7975
7507 9459
7507 9950
7511 8024
7513 7740
7524 9923
7526 7866
7528 9982
7532 7909
7545 9509
7550 7631
7556 9101
7557 9322
7558 8252
7566 7660
7569 8613
7570 8007
7575 8653
7580 9550
7593 9050
7596 8943
7599 8614
7601 9846
7603 7694
7606 8356
7610 7702
7614 7769
7619 9717
7624 8169
7639 8144
7647 8617
7650 8555
7650 9213
7650 7983
7655 8050
7659 9542
7664 9372
7669 7720
7670 8514
7672 9903
7676 9771
7678 9625
7702 9890
7715 8839
7719 9197
7729 9192
7732 7881
7737 8834
7745 9776
7748 9326
7749 8590
7753 8358
7754 9712
7754 9805
7757 8804
7759 8233
7771 7990
7774 8994
7777 8724
7777 9796
7783 7844
7788 9807
7794 8686
7795 8021
7797 8921
7804 9062
7805 7849
7805 8029
7806 8898
7813 9884
7814 9123
7829 9080
7831 9331
7831 7896
7834 7898
7834 8507
7838 9626
7843 9320
7846 9154
7853 9562
7855 7982
7864 9578
7873 9145
7876 9535
7889 8666
7890 8223
7891 9317
7894 8861
7897 9800
7900 8167
7908 9492
7909 8924
7910 8878
7911 8293
7912 8714
7922 8710
7922 8219
7923 9089
7923 9804
7926 8372
7933 9610
7934 8220
7941 9640
7946 9082
7953 8477
7962 8382
7964 8732
7965 9102
7969 9380
7970 9867
7974 8171
7976 8621
7977 9870
7978 8288
7979 8452
7980 8660
7985 8867
7985 8060
7989 8930
7994 9474
7995 8634
7997 8853
7998 8988
8010 8631
8010 8104
8014 9618
8016 9909
8019 9851
8021 9637
8028 9072
8040 9071
8049 8576
8051 8336
8058 9527
8061 8391
8062 8757
8070 8997
8072 8916
8073 8327
8075 9735
8078 8143
8087 8572
8105 9019
8106 8720
8110 9736
8111 9559
8113 8216
8114 9549
8116 9118
8121 8591
8133 8210
8138 8161
8148 8416
8160 9986
8165 8741
8177 8281
8181 8257
8199 8597
8201 8903
8202 9336
8205 9337
8207 9364
8217 9133
8218 8676
8218 8234
8239 9862
8243 9316
8247 8349
8262 8689
8267 9798
8270 9671
8290 9711
8293 9967
8294 8922
8311 9066
8313 9466
8319 9787
8324 8340
8326 9377
8337 9732
8342 8550
8359 8533
8360 8600
8373 9636
8375 9329
8376 9591
8381 8480
8383 8971
8386 8450
8393 8456
8395 9083
8405 9499
8412 8532
8438 8608
8441 8837
8446 9561
8456 9669
8468 9692
8473 9023
8478 8619
8479 9518
8481 9358
8494 9751
8498 8884
8501 8941
8502 8927
8504 9922
8504 8727
8508 8729
8511 9783
8515 9242
8516 8928
8517 8863
8524 9207
8545 9463
8547 9633
8547 9933
8551 9162
8557 8909
8562 9994
8565 9774
8573 9500
8574 9895
8576 9758
8584 9795
8585 9230
8587 9930
8589 9234
8591 9303
8602 9984
8608 9448
8609 9476
8609 9546
8614 9063
8625 9607
8633 9905
8641 9743
8650 9404
8651 9880
8658 9883
8659 9838
8665 8942
8666 8736
8680 9044
8680 8812
8689 9262
8697 8824
8697 9084
8708 9681
8714 8778
8724 9233
8725 9830
8731 9397
8734 9714
8737 9339
8745 9173
8746 9951
8758 9065
8759 9949
8774 9976
8788 9749
8788 9497
8790 9219
8794 9526
8794 9287
8795 9227
8800 9652
8800 9814
8802 9048
8825 9018
8861 9054
8865 9645
8867 9224
8879 9338
8890 9753
8912 9539
8923 9182
8927 9498
8931 9271
8934 9782
8940 9411
8942 9970
8952 9288
9024 9300
9033 9216
9034 9615
9045 9251
9046 9267
9046 9780
9058 9840
9058 9422
9071 9651
9072 9587
9084 9347
9092 9673
9122 9418
9159 9563
9186 9226
9194 9670
9201 9679
9209 9912
9231 9900
9252 9705
9261 9421
9265 9642
9282 9355
9308 9323
9323 9934
9324 9635
9328 9996
9337 9747
9376 9564
9428 9495
9436 9533
9442 9784
9451 9886
9453 9455
9461 9974
9472 9728
9509 9722
9523 9655
9544 9628
9549 9812
9562 9848
9565 9953
9582 9813
9626 9825
9674 9737
9704 9721
9718 9761
9723 9852
9759 9794
9792 9899
9834 9969
