10000
0 1
0 18
0 3
0 4
0 56
0 9
0 2601
0 682
0 6172
1 1601
1 2
1 19
1 5
1 277
1 6
1 2728
1 4040
1 3070
2 499
2 468
2 447
3 3441
3 4417
3 533
3 22
3 710
3 42
4 32
4 358
4 11
4 124
4 2989
4 4751
5 64
5 160
5 675
5 20
5 71
5 8
5 58
5 43
5 2524
5 78
6 608
6 49
6 2404
6 21
6 38
6 7
6 25
6 350
6 79
7 48
7 128
7 569
7 13
7 271
8 129
8 101
8 200
8 10
8 122
8 250
8 4059
8 1661
8 382
8 5550
9 9697
9 6434
9 100
9 151
9 188
10 2272
10 33
10 35
10 67
10 103
10 2567
10 6637
10 848
10 8209
10 601
10 29
10 958
11 16
11 66
11 4835
11 116
11 105
11 3289
11 12
11 589
12 104
12 5672
12 554
12 267
12 1836
12 2189
12 14
12 110
12 15
12 17
12 1493
12 23
12 26
13 3105
13 24
13 4488
13 41
13 155
13 46
14 4176
14 53
14 117
14 6136
14 57
14 3294
15 306
15 7266
15 291
15 9942
15 663
15 1399
15 156
16 976
16 3669
16 1959
16 2986
17 4034
17 1188
17 37
17 567
17 1225
17 970
17 63
18 81
18 194
18 69
18 261
18 3317
18 88
18 408
18 667
18 1163
19 946
19 596
19 1031
19 332
19 1567
20 80
20 50
20 130
20 135
20 559
21 70
21 1270
21 471
21 9720
21 2634
21 940
21 1804
21 30
22 5440
22 9201
22 290
22 376
22 2920
22 27
22 812
22 1454
23 627
23 36
23 7449
23 1098
23 75
23 2684
23 237
23 1165
23 302
23 527
23 3519
24 34
24 434
24 3586
24 52
24 1461
24 2070
24 2028
24 751
25 1953
25 7042
25 3699
25 3238
26 65
26 2641
26 6594
26 4135
26 74
26 202
26 9614
27 7009
27 1666
27 4533
27 54
27 86
27 28
27 636
28 4070
28 107
28 316
29 832
29 7314
29 606
29 31
30 400
30 816
30 241
30 9940
30 72
30 8296
30 6633
30 59
30 76
30 108
31 144
31 5443
31 3911
31 152
31 585
31 1227
32 257
32 2066
32 115
32 4772
32 9143
32 40
32 686
33 1497
33 77
33 366
33 1263
33 8031
34 456
34 186
34 1819
34 5899
34 60
35 1840
35 6421
35 571
35 524
36 289
36 1219
36 102
36 121
36 345
36 348
36 317
37 170
37 91
37 2493
37 174
37 2686
37 9439
38 1200
38 3040
38 9937
38 418
38 39
38 1320
38 44
38 47
39 1491
39 183
39 7722
39 604
39 3724
39 2478
40 6256
40 89
40 45
41 2323
41 2390
42 55
42 7130
43 2148
43 8756
43 2056
43 171
43 6926
44 96
44 146
44 645
44 182
44 6774
44 618
45 534
45 888
45 1403
45 2030
45 6638
45 95
46 416
46 161
46 1848
46 1514
47 2465
47 329
47 284
48 97
48 737
48 275
48 2453
48 278
48 3928
48 1100
48 4284
48 1133
49 51
49 295
49 185
49 201
49 252
49 109
50 1859
50 708
50 1156
50 149
50 1735
50 1082
51 706
51 518
51 92
52 178
52 5187
52 4069
52 1114
52 5307
53 504
53 413
53 94
53 719
53 943
53 6943
54 3936
54 6816
54 98
54 68
54 4164
54 245
54 93
55 723
55 505
55 3787
55 2078
56 167
56 8567
56 6907
57 214
57 87
57 1034
57 1083
57 61
57 62
57 1583
58 139
58 3309
58 9438
59 112
59 529
59 264
59 126
60 594
61 6983
61 1179
61 4971
62 114
62 2152
62 90
62 319
63 288
63 226
63 2398
64 1858
64 387
64 281
64 537
64 234
64 235
64 7627
65 131
65 84
65 1364
65 1291
65 669
66 242
66 83
66 1043
66 774
66 487
66 856
66 333
66 4606
67 2592
67 615
67 6680
68 1239
68 4170
68 239
69 4688
69 180
69 118
69 429
70 5089
70 4342
70 542
71 913
71 1155
71 857
71 111
72 403
72 1107
72 902
72 935
72 73
72 3194
72 142
73 82
73 4292
74 4402
74 2972
74 5455
75 426
75 125
75 3661
76 7880
76 2602
76 3612
76 9231
77 321
77 1715
77 1380
77 1301
77 1046
77 714
77 1866
77 1822
78 1457
78 85
78 1623
78 136
78 4252
78 3053
79 5730
79 218
79 415
80 489
80 875
80 2764
80 2461
81 7094
81 3080
81 2105
81 363
82 309
82 134
82 1195
83 147
83 7978
84 3027
84 133
84 3653
84 7002
84 2555
84 3759
84 9983
85 176
85 1969
85 229
85 725
85 150
85 5052
85 141
85 3646
85 207
86 263
86 1096
86 1496
86 205
86 9597
87 113
87 280
87 1050
87 764
87 334
88 705
88 1547
88 268
88 9533
88 767
89 209
89 481
89 162
89 1558
89 2646
89 2410
89 2795
89 2558
90 2658
90 6162
90 454
90 2631
90 6686
91 592
91 132
91 2054
91 248
92 6913
92 1299
92 1716
92 741
92 312
92 137
92 1103
93 3431
94 768
94 7472
94 453
94 2645
94 6824
94 605
94 2974
95 336
95 2081
95 562
95 664
95 1528
95 1660
95 4079
96 99
96 439
96 106
96 506
96 3083
96 236
96 924
96 1548
96 2605
96 5118
97 256
98 9392
98 323
98 746
98 4955
98 4207
99 1376
99 465
99 1086
100 391
100 2201
100 3164
100 701
101 2084
101 294
101 119
101 7831
101 120
101 509
101 158
101 862
102 389
102 3798
102 6326
102 951
102 1815
102 216
102 2120
103 227
103 852
103 4420
103 7917
104 5185
104 1058
104 1011
104 494
104 159
105 343
105 330
106 165
106 1717
106 3816
106 971
106 9340
107 1664
107 193
107 801
107 3010
107 307
107 4053
107 4735
108 6385
108 1010
108 2341
108 166
108 5063
108 138
108 5821
109 931
109 7220
109 3223
109 1833
109 3977
109 8252
110 380
111 4965
111 2889
111 189
112 177
112 2660
112 7381
112 813
113 3409
113 168
113 508
114 787
114 420
114 373
114 154
114 8716
115 240
115 690
115 519
115 5863
115 123
116 545
116 212
116 743
116 173
117 1472
117 1619
117 5060
117 405
117 2344
117 361
117 3773
118 225
118 258
118 472
118 1867
118 1502
119 1105
119 1765
120 4468
120 293
120 1478
120 1207
121 1952
121 785
121 4243
121 796
121 1039
122 4019
122 228
122 452
122 279
122 491
122 6350
122 127
123 726
123 187
123 588
124 8325
124 2582
124 9208
124 1641
124 204
124 2380
125 1158
125 9759
126 4864
126 145
126 311
126 8107
126 1309
127 208
127 3589
127 8808
128 1544
128 3721
128 1055
129 402
129 1462
129 231
129 2076
129 493
129 222
129 3246
130 2720
130 1265
130 2657
130 4369
130 660
130 9191
130 2632
130 1435
130 3086
131 1040
131 339
131 3412
131 217
131 827
131 8187
132 4912
132 641
132 274
132 2565
132 3509
132 582
132 846
133 1256
134 1703
134 297
134 3693
135 1120
135 148
135 232
135 6056
135 140
135 1260
135 143
136 1680
136 2522
136 3084
136 430
137 4529
137 1796
137 629
137 1271
137 2971
137 6843
137 301
137 1534
137 4846
138 3536
139 325
139 6950
139 586
139 175
140 1091
140 260
140 181
140 4597
140 1255
140 393
140 777
140 2187
140 2652
140 973
140 5197
141 1571
141 372
141 5492
141 581
141 8710
141 1367
141 446
142 610
142 1273
143 1024
143 772
143 3269
143 2583
143 328
143 153
144 593
144 5464
144 298
144 1070
145 3761
145 4753
145 1347
145 4195
145 2412
145 157
145 3454
146 4625
146 901
146 1832
146 169
146 3193
146 811
146 814
146 1423
147 631
147 4343
147 4743
147 1229
147 1022
148 1026
148 5170
148 163
149 6000
149 9842
149 2003
149 197
149 4937
149 7067
150 709
150 1197
151 5255
151 4250
151 1183
152 5797
153 2050
153 3315
153 215
153 2860
153 5966
154 246
155 2801
155 1298
155 3495
155 1290
155 3930
155 556
155 6893
155 2159
156 704
156 497
156 1391
156 3999
157 7643
158 3490
158 4860
159 961
159 1409
159 866
159 213
159 1064
159 4856
159 3293
160 253
160 574
161 7891
161 233
162 5683
162 164
162 1625
162 3881
163 9450
163 1501
164 272
164 1508
164 838
164 2743
164 5357
164 255
164 351
165 192
165 195
165 2299
165 206
166 308
166 900
166 5988
166 265
166 172
167 322
167 179
167 324
167 296
167 394
167 1085
167 190
167 479
168 198
168 988
169 276
169 6971
170 4101
170 1258
170 878
170 287
171 9593
171 7935
172 224
172 5457
172 1410
172 196
172 392
172 2509
172 702
173 528
173 1970
173 4013
173 511
174 305
174 550
174 314
174 655
175 243
175 199
175 360
175 8013
175 9326
176 2505
176 6329
176 444
176 238
177 210
177 4322
177 515
177 6133
177 445
177 191
178 1012
178 266
178 2669
179 1394
179 435
180 5011
180 184
181 421
181 230
181 1030
181 3451
181 2476
182 849
182 1809
182 770
182 244
182 9829
182 422
182 3068
183 4996
184 1442
184 9698
184 211
184 1140
184 999
184 411
184 223
185 2067
185 871
185 424
185 4522
186 6787
186 3243
187 1518
188 2656
188 469
188 1333
188 2103
188 4858
188 219
188 5723
188 221
188 381
189 1379
189 7316
190 2011
190 1404
190 543
191 3664
191 374
191 5276
192 8257
192 1683
192 4776
192 1339
192 653
192 2607
192 9183
193 9968
193 203
193 1276
193 7612
194 1971
194 2734
195 2946
195 7708
196 747
196 5963
197 247
197 541
197 2910
197 687
198 2400
198 673
198 7301
198 1002
198 1099
198 654
199 304
199 5109
199 8155
201 786
201 4853
201 2726
201 520
202 1089
202 568
203 597
203 1574
203 2426
203 1102
204 353
204 7189
204 262
205 2177
205 9077
206 4516
206 438
207 9138
207 5923
208 5153
208 978
208 2494
208 6799
209 817
209 355
209 7766
209 1288
209 220
210 960
210 530
210 259
210 2119
210 347
210 443
210 5612
210 285
210 2397
210 3437
211 4028
211 349
211 1646
211 2015
212 1338
212 7690
212 1071
212 1519
213 2784
213 3584
213 7111
213 2475
213 1214
213 3582
214 762
214 591
215 736
215 1751
215 1017
216 2276
216 2181
216 3671
217 273
217 721
217 407
217 5079
217 6984
217 251
217 4174
218 580
218 396
218 399
218 1935
219 385
219 1363
219 823
219 2621
220 356
220 3141
220 7349
220 318
221 546
221 326
221 729
221 923
221 1823
222 409
222 1994
222 1711
223 4624
223 3220
223 5942
223 460
223 3468
223 991
224 450
224 539
224 4556
225 1586
225 1812
225 440
226 283
227 5392
227 9456
227 2753
227 1816
227 681
228 2962
228 1988
228 377
228 9353
228 4204
228 1598
229 8069
229 1933
230 4676
230 1991
230 313
230 269
231 1348
231 1240
231 6457
232 3297
232 3497
232 2335
233 3338
234 4239
235 315
235 1644
236 1201
236 1877
236 5642
237 9344
237 6593
237 371
237 6939
237 1532
237 3743
238 2097
238 3846
238 364
239 3120
239 769
239 4365
239 3055
240 368
240 620
240 1198
241 417
241 4177
241 1251
241 292
241 500
241 1748
241 331
242 566
242 2604
242 1677
242 5869
242 286
242 1118
243 8070
243 9352
243 2990
244 5111
244 8701
245 1473
245 2034
245 869
245 822
245 327
245 249
245 1211
246 282
246 254
246 8207
247 9521
247 918
247 375
247 839
247 4663
247 6251
247 5663
248 1793
248 342
248 3659
248 365
249 300
249 398
250 5042
250 965
250 584
250 2428
251 338
251 1434
251 3676
252 1328
252 595
252 1351
253 804
253 486
253 2908
254 337
254 1124
254 2405
254 473
254 270
255 466
255 8540
255 397
255 5406
256 352
256 865
256 907
257 937
258 2500
258 2901
258 1222
258 299
259 1443
259 507
259 2939
260 6276
260 8106
261 8467
261 966
261 1128
261 7087
262 679
262 1049
262 1453
262 6942
263 384
263 3523
264 672
264 2740
264 437
264 908
265 2419
265 357
265 6565
265 406
265 7911
265 6474
266 6038
266 1722
266 2123
266 9742
267 959
268 5365
268 412
268 2143
269 4963
269 9139
270 761
270 1741
270 2685
271 576
271 8274
271 3750
272 9795
272 646
272 718
273 386
274 5174
275 8241
275 4084
276 320
276 8449
276 915
276 8340
276 538
276 7326
276 2287
277 4080
277 8657
277 3684
277 3016
277 3630
278 689
278 649
278 4171
278 7726
278 671
279 3780
279 1173
279 8101
279 3996
279 733
279 3277
279 4685
280 2357
280 344
280 3944
280 651
280 6351
281 4321
281 370
281 1109
281 310
281 1529
281 699
281 572
281 3983
282 837
282 4534
282 4072
282 378
283 3426
283 451
283 2373
283 346
283 1498
283 732
284 503
284 1407
285 833
285 6090
285 1996
286 1284
286 1212
287 1890
287 676
287 476
287 303
288 9205
288 6550
288 1577
289 433
289 955
290 1332
290 8219
290 428
290 4286
291 2000
291 4241
291 6545
291 1973
291 7131
291 431
292 1072
292 455
292 558
293 738
293 805
293 477
293 335
294 1648
294 1459
294 458
294 2606
295 1668
296 8224
296 773
296 6539
296 1053
298 2293
298 526
299 3187
300 1827
300 404
300 2343
300 1113
300 8089
300 6218
300 5163
300 781
300 5534
300 639
301 4341
301 1368
302 1281
302 1035
302 1883
302 670
303 1525
303 2759
304 2266
304 461
304 7789
306 498
306 661
306 2022
306 490
306 1546
307 3015
308 575
309 2675
309 340
309 692
309 1078
309 2073
309 2251
309 1326
310 7378
311 2534
311 6684
312 3041
312 1346
312 4103
312 792
312 3262
313 560
313 9426
313 4012
313 3023
313 6143
314 9265
314 659
314 1445
314 1023
315 4872
316 561
316 905
316 4749
317 4489
318 8792
318 617
318 410
318 442
319 467
320 644
320 825
320 495
320 815
321 401
321 388
321 3322
322 9926
322 5224
322 3853
323 803
323 359
323 1127
324 9699
324 8999
324 367
325 5136
325 502
325 4806
325 633
326 2724
326 5478
326 6591
327 1110
327 6283
327 1900
327 2172
327 2814
327 6766
328 7634
328 341
328 1686
328 3000
329 480
329 611
329 4458
329 2779
330 522
330 700
330 4092
330 1486
331 4408
332 3137
332 820
332 3115
333 362
334 2610
334 3835
334 5660
334 4605
334 9262
335 711
335 830
336 2492
336 1981
336 990
337 8307
337 843
338 3520
338 514
338 535
338 2137
338 650
338 1437
338 1950
338 7423
338 9791
339 2372
339 3927
339 619
339 2526
340 395
341 354
341 553
341 427
341 1967
342 5025
342 1428
342 1492
342 8372
342 379
342 3341
343 3124
343 2312
343 2824
343 2014
344 6737
344 626
344 3573
345 1073
345 6339
345 4086
345 647
346 3443
346 3651
346 5027
346 564
346 501
346 3019
347 916
347 6360
347 3215
348 6753
348 6568
348 7209
349 977
349 3883
351 369
351 8114
351 4451
351 2068
351 4670
351 463
352 9669
352 758
352 552
353 678
353 3206
353 583
354 755
354 622
355 2118
355 2518
355 3464
355 1259
356 1121
356 1036
356 7149
356 5854
357 9714
357 2586
357 1630
358 2915
358 1854
359 6291
359 7096
360 5960
361 8178
361 899
361 1987
361 6580
361 383
362 1232
362 551
362 776
363 1248
363 1395
363 3256
363 2345
363 1850
363 3132
365 7092
366 517
366 713
367 668
368 5479
368 750
369 642
369 634
369 510
370 1956
370 1051
370 2107
370 3867
370 1949
370 2542
370 1615
371 5216
371 1863
371 922
371 986
371 573
371 3901
371 766
372 928
372 390
372 470
372 5887
373 5337
373 7849
373 492
374 419
374 1157
374 9525
374 892
375 448
375 1237
375 457
375 6233
376 3089
377 449
377 6045
378 2225
378 3217
378 483
378 9683
378 677
378 7785
379 4769
380 9874
380 1494
380 968
380 1487
381 4150
381 3099
382 5099
383 1424
383 6171
384 945
384 1555
384 6409
384 748
385 3201
385 2837
385 474
385 9434
385 525
386 549
386 6453
387 464
387 2481
387 802
387 3091
387 1557
387 6214
388 1776
388 1044
388 648
388 7896
389 698
389 2956
390 5235
390 598
390 1416
390 5675
390 4381
390 1919
391 624
391 1392
391 985
391 414
391 478
391 3486
392 3685
392 4126
393 2242
393 9140
393 4055
394 7777
394 4521
395 1700
395 475
396 887
396 2350
397 482
397 1684
397 1365
397 1481
397 779
398 432
398 3639
398 1562
398 1946
398 9626
399 1079
399 6361
400 1554
400 1731
401 752
401 2480
401 9617
401 1989
401 8440
401 7594
401 6623
402 1297
402 4185
402 4077
402 6701
403 1186
403 756
404 1267
405 3810
405 547
405 612
405 459
406 5888
406 423
406 6151
406 683
407 513
407 840
407 7320
407 925
407 7535
408 722
408 436
408 4134
408 523
409 6182
409 844
409 3391
410 578
410 425
410 1770
411 1778
411 3506
411 9204
411 2025
411 5771
411 557
412 1315
412 2052
412 798
413 540
414 579
414 9781
414 1830
414 4907
415 7393
415 3299
417 4710
417 952
417 4664
417 3082
417 9322
418 4201
419 563
419 680
419 521
419 1241
420 2311
420 1274
421 2997
421 730
421 555
422 1489
422 2267
424 3152
424 684
424 716
425 4852
425 2117
425 8123
426 9009
426 1719
426 2121
426 1818
426 3739
426 2367
427 948
427 1620
427 4180
428 1208
429 3285
430 2112
430 1092
430 3672
430 1999
431 5952
431 485
432 1246
433 2322
433 9660
434 835
434 516
434 782
434 1038
436 1141
436 2680
436 602
437 5008
437 1272
437 441
437 2079
438 512
438 6083
438 565
438 2677
439 4501
439 1111
440 6672
440 5434
440 1691
441 2673
441 9665
442 1045
442 1370
443 1317
443 2810
444 2663
444 488
445 5433
445 6941
445 1790
446 1925
446 1018
447 532
448 2180
448 1029
448 3591
448 760
449 496
449 1906
449 1955
449 1961
449 6925
449 4798
450 2291
450 5036
451 7170
451 5283
451 847
451 1295
452 884
452 1516
452 462
453 1572
453 614
453 7403
455 2018
455 8727
455 1758
455 783
456 885
456 600
456 5656
456 889
457 6611
457 1210
457 603
457 7243
457 5693
458 8291
459 1922
459 9464
459 3854
461 3228
461 1645
463 656
463 6584
463 828
463 3805
464 1561
464 2975
465 979
465 4200
465 1929
465 874
465 1662
466 2161
466 8083
466 3199
466 3327
467 2421
467 4440
468 7410
468 3005
469 616
469 778
469 2378
471 9904
471 697
471 6746
471 1483
471 1325
471 2207
472 1233
472 1828
472 7100
473 5139
474 754
474 536
474 744
474 808
474 1743
475 1137
475 2008
476 1145
476 7946
476 3535
477 5552
479 1068
480 853
480 1706
481 2695
481 1358
481 5215
482 3442
482 4755
482 484
482 806
482 7080
482 2622
483 531
483 6954
484 8981
484 1302
484 1004
484 1694
486 1123
486 7652
486 1402
486 7963
486 607
487 609
487 4983
487 1928
487 8351
488 720
488 2456
488 590
489 2864
489 996
489 4951
489 1563
489 7099
489 1213
490 3255
491 2953
492 6931
492 2183
492 7929
493 3934
493 2255
494 1294
494 2878
494 3790
495 2374
495 1352
495 975
495 1503
496 5332
496 2584
496 8585
496 1692
497 1632
497 2925
498 548
498 2263
498 5352
498 989
499 3908
499 4517
499 4009
499 2732
500 3811
500 1076
501 1920
501 1495
501 2108
501 2525
502 5423
503 640
504 1337
504 1433
504 1945
505 4434
505 3718
505 763
506 8885
506 8924
507 4272
507 7586
507 1013
507 1101
508 4416
508 3158
508 2409
508 6553
509 4131
509 982
509 1431
509 2557
509 4814
509 911
510 1090
510 879
511 577
511 1396
511 6343
511 1065
512 2310
512 3002
512 1932
512 717
512 1470
512 8927
513 9091
513 2596
513 1349
513 1381
514 1669
514 2777
514 795
514 894
514 8767
515 9153
515 2354
515 637
515 845
515 623
515 895
516 3411
516 1180
516 2221
516 5679
517 1773
518 2576
518 1441
521 7943
521 7496
521 8520
522 1005
522 4061
523 1142
524 658
525 8403
525 3562
525 1003
526 635
527 7444
527 757
527 2807
527 1723
527 2811
528 1888
528 819
528 1220
529 544
529 6135
530 1184
530 1638
531 1008
531 934
531 5222
531 7177
531 3435
531 3804
531 941
532 1905
532 1080
533 2071
533 6744
533 1439
534 2179
534 4531
534 793
534 1769
534 6938
534 1916
535 1075
535 2564
535 630
535 1398
535 936
535 6504
535 810
536 7140
536 8581
536 1962
536 8331
536 1308
537 3963
537 4620
538 6180
538 4248
538 3641
538 1135
539 3734
539 3162
539 3035
540 5329
540 6353
540 8742
540 2766
540 5198
541 2326
542 570
542 5979
542 5196
542 1087
542 2479
543 1505
543 8733
544 1606
544 9526
544 696
545 1539
545 7438
546 2145
546 628
546 3992
546 841
547 1440
547 3066
547 2957
547 4703
548 4128
548 5203
548 1429
548 6471
548 2572
549 3305
549 9993
550 1203
550 1835
551 625
551 4232
551 1020
551 1261
552 6306
552 906
552 4063
553 688
553 1170
553 1385
553 1181
553 2845
554 2116
554 5992
554 1740
555 1350
555 775
555 665
555 4731
555 1582
556 3777
556 7669
556 1063
556 5739
557 745
557 956
557 1436
558 1418
559 3250
559 4803
559 9096
560 1425
560 5178
560 4315
560 1164
560 703
561 1552
562 3876
562 6068
562 599
562 731
562 972
563 4816
563 6304
563 4371
563 693
563 5993
563 4495
564 800
564 2239
564 8975
565 7216
565 5043
565 587
566 657
566 4364
567 784
567 1217
567 771
567 6579
567 5236
567 1084
568 3813
568 3829
569 4224
570 5824
570 4775
570 2314
570 2506
571 691
571 5445
571 4614
572 1088
572 1161
572 2249
573 864
573 1360
573 3114
573 749
573 4415
574 3266
574 712
575 1199
576 4068
576 890
577 613
577 1690
577 1643
578 1001
578 2537
578 652
579 3350
579 5144
580 947
580 8131
580 2644
580 1580
581 2560
581 2065
581 3489
581 643
581 8909
582 6001
582 1275
583 1856
583 6852
584 7745
584 2195
584 1175
584 2488
585 3938
585 2133
585 5142
585 3385
585 5260
586 9411
586 5461
586 790
586 7001
586 3502
587 2258
588 2048
588 1147
589 4770
589 2452
589 2438
589 1607
589 5499
589 9243
589 861
590 9539
590 4809
590 1306
591 4871
592 1025
592 5858
592 632
592 1550
593 1304
594 1841
594 903
594 919
594 984
594 1884
595 2877
595 831
596 7969
596 8663
596 2125
598 2449
598 9890
598 1139
598 9912
599 944
599 1460
599 1531
599 4909
600 2945
600 917
600 5669
600 7642
600 2363
601 1779
601 4535
601 8008
601 8190
602 4900
603 1860
603 1382
604 4045
605 1896
605 8988
605 4527
606 1937
606 6213
606 1215
607 2642
607 1162
607 1887
607 3279
608 4231
608 4425
608 4348
609 753
609 1852
609 621
609 638
610 3363
610 807
610 6791
610 1097
610 1007
611 7899
612 8890
613 2295
613 715
613 1149
614 1861
614 694
614 2600
614 8344
615 5237
615 1757
616 1427
616 1876
616 3864
616 8301
617 3241
617 1647
618 9060
618 3541
619 1104
619 932
619 765
621 3459
621 7604
623 7015
623 1868
623 5341
624 3375
625 1600
625 6537
626 9925
626 9351
627 3106
627 695
627 6010
628 2624
628 3568
628 2836
628 6477
629 1345
629 724
632 6948
632 997
632 6059
632 9279
633 8465
633 962
633 1444
633 7717
633 1405
634 1465
634 2701
635 6996
636 2051
636 5737
637 2676
637 1542
637 1624
638 3287
638 2329
638 939
638 799
638 8159
639 2577
639 1378
639 3430
639 6891
640 1665
640 3394
640 1701
640 1739
640 1244
641 4502
641 5595
643 9136
643 6303
644 6148
645 7883
646 1280
646 4505
646 5145
646 9641
646 2202
646 5407
647 1720
647 2040
648 4194
648 2970
648 863
649 2562
650 4165
650 3402
650 1132
651 739
651 2579
651 1652
651 2789
651 662
651 1998
652 2913
652 883
652 3324
653 1541
653 1206
653 6731
654 1172
654 9578
655 3026
655 836
655 1753
655 1386
655 926
656 8864
657 1042
657 3498
658 674
658 7155
658 2538
659 5090
660 7856
660 2431
661 868
661 1787
661 1979
661 4478
662 5814
662 6139
662 8445
662 5487
663 666
664 4536
664 1355
664 3950
665 4884
665 1384
665 5577
666 1736
666 2782
667 9370
668 9763
668 4838
668 780
668 2654
669 5190
670 9127
670 9463
670 1579
670 4283
670 8926
671 3859
671 1143
671 728
671 5146
673 7779
673 2168
673 5994
674 9131
674 1357
675 9648
675 9220
675 1209
675 9947
676 1650
676 3701
676 1287
676 921
677 930
677 1654
677 1897
678 1636
678 1908
678 742
678 859
678 735
679 850
679 727
679 4792
679 685
679 2223
680 4261
681 707
681 4570
681 2748
682 1187
683 8660
684 6050
684 1027
684 1448
684 4456
684 2203
685 3857
685 2162
685 867
685 987
685 4332
686 2304
686 2816
687 2611
687 3463
687 3144
688 4811
689 950
689 1374
690 5658
690 1499
690 3500
690 6860
691 1408
691 1329
691 1782
692 4944
692 5328
692 3843
692 1613
693 3696
693 2332
694 2848
694 2898
695 1649
695 1228
696 1048
696 4701
697 3248
697 6628
697 1335
697 1759
698 5172
698 938
699 734
700 1238
700 1192
700 4459
700 2364
700 5324
700 2973
701 1560
701 2938
703 7877
703 3527
703 9178
703 3629
703 942
704 1565
705 1446
707 1387
708 5460
708 2127
709 7392
710 4833
710 788
710 980
710 5940
710 1914
711 5377
711 4611
711 4745
711 8746
711 2747
712 5058
712 1177
713 4433
713 8364
714 5665
714 4916
714 1015
714 1912
714 1817
714 6778
714 3487
715 8709
715 759
716 8058
716 2382
717 3488
717 740
717 7814
718 791
718 1176
719 1077
719 4998
720 880
720 1312
720 8162
720 2636
720 2462
721 7145
722 8438
722 2541
722 3949
723 954
724 7521
724 9317
724 1069
725 1536
725 2402
725 2231
726 5220
726 7869
727 1159
727 5263
727 9615
728 2540
728 5343
729 1585
729 9826
729 2420
729 1327
730 5465
730 1356
730 2158
731 2774
731 2668
732 6661
732 3224
732 3197
732 3471
733 5316
733 1575
733 1639
733 5769
733 2155
733 1278
734 3135
735 826
735 4874
736 2597
736 2886
736 9527
736 3613
737 2007
737 809
737 2300
738 5617
738 2150
739 912
739 1917
740 1138
740 7330
740 2307
740 789
740 5129
741 2892
741 5596
742 1589
742 6840
743 1584
743 834
744 3972
744 6006
744 1627
744 2348
745 3072
745 949
745 1593
745 8714
745 1484
745 1837
745 1853
746 2273
746 2899
746 3126
746 1463
746 824
746 1247
747 9513
748 964
748 2360
749 1250
749 2090
750 914
750 2214
750 6263
750 1117
750 2237
751 1151
752 6004
752 6618
752 1918
753 1523
753 1236
754 818
754 2613
754 5755
754 7471
755 1602
755 1059
755 1252
755 1066
755 2414
756 6819
756 8153
757 897
757 9733
757 3191
757 858
757 3242
758 1792
758 6896
758 5651
758 2628
758 920
758 4953
759 1330
759 9766
759 860
760 1185
760 7651
761 6861
762 1000
762 7448
763 2691
763 873
763 2473
763 3818
763 8074
764 8995
764 7653
765 2209
765 7718
765 910
766 3090
766 6804
766 3832
766 3631
767 994
767 3253
767 9397
767 6894
768 1318
768 7434
768 909
769 8082
769 4036
769 7578
770 1784
770 1116
771 9440
771 1313
771 4132
771 2313
771 797
772 929
773 6231
773 7004
774 898
774 6850
774 995
774 983
774 2349
774 5182
775 1904
775 2859
775 893
776 2580
776 3642
777 7376
777 8185
777 1807
778 3418
779 1687
779 6903
779 794
780 872
780 8761
781 7770
782 3601
783 2275
783 8515
783 1710
784 5817
784 3754
784 1167
784 9599
785 8891
785 1262
785 1343
785 3775
787 3043
789 904
790 1074
790 2595
791 6119
791 6412
791 2365
792 2403
792 9444
792 7336
792 1354
792 3295
793 851
793 5315
793 4964
793 1289
793 5149
794 1361
794 5860
794 6678
795 886
795 1421
796 8023
796 876
797 3922
797 3657
797 2302
798 3681
798 1468
799 2416
799 1412
799 5908
799 7406
800 1984
800 1526
800 855
801 5410
801 6597
802 3556
804 9185
804 7533
805 1696
805 1094
806 1474
807 1875
807 7134
808 2224
808 2060
808 4140
809 2834
809 998
809 8283
809 9534
810 1060
810 7350
811 882
811 967
811 1401
811 1196
814 1093
814 2088
815 821
815 5269
815 1372
816 1909
816 8783
817 2128
817 870
817 7226
817 2077
817 1551
817 2655
818 6288
818 2385
818 4329
819 1033
820 877
820 9917
822 5009
822 5074
822 3510
822 957
822 9999
823 1057
823 3542
823 6567
823 6072
823 953
824 1397
824 1621
824 2523
825 896
825 881
825 829
826 1892
827 1136
827 1570
828 6319
829 2241
830 1028
831 3716
831 2330
832 4514
832 3258
832 5372
833 1081
833 1067
834 5872
834 9017
834 8427
834 7022
835 974
835 9359
836 4122
837 1556
838 1760
838 969
838 3356
838 3948
838 9964
839 8142
839 5119
840 1168
840 6752
840 842
840 1342
841 3667
843 5125
843 5945
843 891
843 7599
844 4209
844 854
844 1019
844 2188
845 1520
845 8688
846 2053
847 4609
847 7715
848 3345
848 5560
848 5981
848 8430
849 3129
849 1965
850 1458
851 1744
851 8260
851 5399
851 6696
851 2041
851 1324
851 6109
852 7511
852 2507
852 2204
852 7519
853 5554
853 4357
853 6122
853 8522
854 7890
854 3785
855 1521
855 8503
855 1576
855 1768
855 2587
857 4305
858 9577
859 1761
859 1777
859 6455
859 2968
859 5323
859 1150
859 4206
860 2417
861 2950
861 8862
862 4352
862 1775
863 1194
863 1786
863 7805
864 2552
864 1865
864 1293
865 5233
865 4312
866 2178
866 1469
867 9314
868 6246
868 3034
869 7245
870 2746
871 5344
871 4980
871 5045
872 5448
874 9437
874 6479
875 1205
875 3205
875 8830
876 6258
876 9363
876 3422
876 5022
877 3624
878 2993
878 1895
879 2016
879 2353
879 1134
879 2142
880 9746
880 2730
881 5741
882 3634
882 3986
882 1475
882 2796
882 3182
883 4545
883 1190
883 3142
883 1115
883 1983
884 1052
884 927
884 1279
885 3200
885 1307
886 1430
886 2198
887 2268
887 1119
888 933
888 4333
888 8463
889 1316
889 1995
890 2992
890 1009
890 3873
890 2325
890 4650
890 2671
891 2996
891 8852
891 3147
892 1282
892 3012
892 6181
892 1878
892 3134
893 4130
893 1032
893 8205
894 1112
894 1640
894 9640
894 1178
894 7180
895 3335
895 1148
896 4238
896 8126
897 8368
897 981
897 9054
897 2399
898 1314
898 2197
898 2253
898 1166
899 3461
899 7334
900 5746
900 2693
900 9998
901 3827
901 2087
901 2703
903 8168
903 3052
904 9219
904 3247
905 993
905 1512
906 1426
906 2869
906 9736
907 9458
908 1122
908 3566
909 1319
910 5155
910 1016
910 3102
911 1242
913 5253
914 6451
914 4602
914 5563
914 7662
915 2257
915 4297
916 5408
916 5698
916 3620
916 3674
917 3668
917 3325
918 2337
918 1886
919 6252
920 1106
920 2134
920 8425
921 7123
922 2387
922 7606
922 2375
924 6397
925 5954
925 1653
925 3514
926 3013
927 8406
927 1975
927 2943
928 1336
928 1353
928 3626
928 1341
929 7031
929 4108
930 2352
930 8129
930 3781
930 1254
931 2805
932 9686
933 1417
933 9161
934 1857
934 2435
934 6089
934 3308
935 1041
935 1249
935 6974
936 1733
936 1847
937 7264
937 3921
937 5425
937 963
937 5707
940 7133
941 4839
941 2169
941 3087
943 4723
943 6403
943 5732
943 1438
944 1874
944 4660
944 2679
944 1131
945 2049
945 1061
945 7547
946 6909
947 4011
947 3501
948 9124
949 1824
949 6915
950 2235
950 1596
951 1513
951 5290
951 2284
951 6271
952 992
952 2550
954 4948
954 5333
954 7224
954 3660
954 1054
956 7516
957 8056
957 1451
957 6717
958 4946
958 6115
959 7597
959 3758
960 3762
960 4227
960 7006
961 2434
961 7478
962 6978
962 3079
963 3128
963 4715
963 1311
963 4383
964 3233
964 6248
964 7019
965 2033
965 5107
965 2949
965 3417
965 1628
966 5284
966 6363
967 1062
967 1223
967 1447
967 9977
967 5547
967 2303
968 8264
968 3546
968 6874
969 1056
969 5012
969 4618
969 5740
970 3184
970 1375
971 1605
972 1510
972 2778
972 1006
972 3598
973 1152
973 3650
974 2388
974 2772
974 5608
974 6718
975 5794
975 3492
975 5062
975 1880
975 3273
976 4378
977 2944
977 1283
977 2248
978 1047
978 5175
978 6526
979 3465
979 2301
979 4301
979 5390
980 1300
980 1191
980 5309
981 5360
981 1540
981 3877
981 6426
981 7194
981 4107
981 1021
982 4162
982 7030
982 2058
982 9230
983 4582
983 2744
984 2544
984 6867
985 2978
985 1014
985 1948
986 1604
986 3478
986 1708
987 1506
987 4610
987 1174
987 1366
987 1144
988 5751
989 1538
989 1590
989 4230
989 2827
990 4264
991 1253
991 1126
991 9035
993 5571
993 1108
993 1221
993 1129
994 1569
994 3139
994 5875
995 7737
995 9421
996 1681
996 6322
996 1204
996 3270
998 3300
1000 7280
1000 2244
1003 3143
1004 6595
1005 2292
1005 9973
1005 2984
1006 2245
1008 3370
1009 1296
1009 9061
1009 1899
1009 4156
1009 3453
1009 5471
1010 1889
1010 5116
1011 8065
1011 1226
1012 3414
1012 1224
1013 4771
1013 1941
1013 3896
1014 7987
1014 2324
1015 2126
1017 2459
1017 1037
1017 1373
1021 1146
1021 4366
1022 8931
1022 2709
1022 2983
1022 1420
1023 1831
1024 1968
1024 4249
1024 1182
1025 3136
1025 3623
1025 1160
1026 2487
1026 2425
1027 2917
1027 9743
1028 9251
1028 7574
1029 1931
1029 2429
1030 8674
1030 1530
1030 5978
1030 9914
1030 4222
1032 2752
1032 4050
1032 5426
1032 7003
1033 1411
1033 1846
1034 9921
1034 1610
1034 1678
1035 7025
1035 2075
1037 6049
1037 1266
1037 3429
1037 2153
1037 1885
1038 1939
1038 2004
1038 2985
1038 8521
1038 2700
1038 3551
1039 1268
1039 2788
1039 1930
1040 1634
1041 1388
1042 2163
1042 2952
1042 2154
1043 1095
1043 2141
1044 2256
1044 2196
1044 1125
1044 6777
1045 2806
1045 6470
1046 1153
1046 8961
1046 5926
1046 3836
1047 3725
1048 8391
1049 4098
1049 1588
1049 7638
1049 9336
1049 4622
1050 2581
1051 1216
1051 2379
1051 1452
1052 5733
1053 2252
1053 4910
1053 9726
1054 5975
1056 7328
1056 3666
1057 1926
1057 2711
1057 1432
1057 3771
1058 1728
1058 5505
1058 2698
1058 1340
1058 3452
1059 1936
1059 3477
1059 6106
1059 6317
1060 3984
1060 1907
1061 6016
1061 4136
1063 5700
1063 1705
1063 2046
1063 4511
1064 7152
1064 2785
1064 5555
1064 1655
1064 5275
1064 5742
1065 1522
1066 7493
1066 1591
1067 6582
1067 2110
1068 1894
1068 6199
1069 5189
1070 4581
1071 5346
1071 6002
1071 2755
1071 5517
1073 1415
1074 1285
1075 7077
1075 2694
1076 8712
1076 1549
1077 2497
1077 5369
1078 3332
1080 2147
1081 2532
1081 1292
1082 5696
1082 9586
1082 7647
1083 1371
1083 1771
1083 2623
1084 2705
1084 3976
1085 1154
1085 6779
1085 9195
1086 1553
1086 3125
1086 1688
1086 2205
1086 8141
1087 2533
1087 5877
1087 2942
1088 6356
1088 1277
1088 4158
1090 4117
1090 6188
1090 7183
1091 1171
1092 2738
1092 3218
1092 4600
1092 1193
1093 8762
1093 2941
1094 1764
1094 1564
1094 4766
1095 3926
1095 2603
1095 5708
1096 4356
1096 1334
1097 1464
1098 3516
1098 6030
1099 1218
1099 9991
1099 8061
1100 2725
1100 3239
1100 6346
1104 2818
1104 1814
1104 5849
1104 8444
1104 8654
1105 4499
1105 1269
1106 2741
1107 8157
1108 6280
1108 1130
1109 4082
1109 1383
1110 3571
1112 1599
1113 1629
1114 1169
1114 1476
1114 6820
1114 2751
1115 3553
1117 4144
1118 2194
1118 5033
1119 1611
1120 1234
1121 2362
1121 6559
1123 1651
1124 8309
1124 1257
1124 2447
1125 2193
1126 1202
1126 2790
1126 1820
1127 2130
1127 2951
1127 6664
1127 1482
1128 2934
1128 1369
1128 5886
1128 1471
1129 4970
1130 1608
1130 6076
1131 1527
1132 1791
1134 4725
1134 7045
1136 2102
1136 7959
1137 1245
1139 8052
1140 1393
1140 4216
1140 6762
1141 8826
1141 1774
1142 4898
1142 6836
1143 1264
1143 5297
1145 3049
1145 4477
1145 2366
1145 2095
1147 5654
1149 9076
1149 1637
1149 1450
1149 3534
1151 2208
1154 1616
1154 4465
1154 6932
1154 3802
1154 7386
1154 4542
1155 1305
1155 5486
1156 2690
1156 3362
1156 9731
1157 4038
1157 7833
1158 1235
1158 4313
1158 1978
1158 1243
1160 4986
1160 6571
1160 7725
1161 5046
1162 2422
1162 2887
1162 5607
1162 4762
1163 8976
1163 6108
1163 5918
1165 7024
1165 1362
1165 4111
1167 1189
1167 4665
1168 4496
1168 6081
1168 7698
1168 7919
1169 8369
1169 4236
1170 2246
1170 1785
1170 5054
1173 5319
1173 3272
1174 3260
1174 3485
1175 2914
1175 5180
1175 3069
1176 4707
1176 5428
1176 4565
1176 2104
1176 6142
1178 1698
1178 2930
1178 2406
1179 4396
1180 2139
1181 6415
1182 6645
1182 7721
1182 1310
1183 4193
1183 2059
1185 1303
1186 3649
1186 2395
1187 2918
1187 2713
1187 6029
1187 4127
1188 3421
1189 5157
1190 8689
1191 5647
1192 1745
1192 1507
1192 2999
1192 6472
1192 5516
1193 2131
1193 7892
1193 4091
1194 1667
1195 2770
1195 8275
1195 3045
1195 2232
1198 1344
1198 2411
1198 7229
1198 1390
1199 7008
1199 1794
1200 2192
1200 4544
1200 1974
1200 2024
1202 8884
1202 3438
1203 1825
1203 1972
1203 3801
1203 6268
1204 2190
1204 1231
1205 4125
1206 2963
1206 1509
1206 4247
1206 1756
1206 1725
1207 3448
1207 7455
1208 9504
1209 1477
1209 5375
1210 6019
1210 1573
1210 1801
1210 8476
1211 4578
1211 3700
1211 1977
1212 2262
1212 5498
1213 6037
1213 7994
1214 4881
1214 1732
1214 7860
1214 1321
1214 4282
1214 7692
1215 3987
1215 3192
1216 3160
1216 9503
1217 1230
1218 4113
1218 7580
1218 5245
1218 5310
1219 6321
1219 1419
1219 7023
1220 3808
1220 6033
1220 9653
1221 6065
1221 6372
1221 5354
1222 5666
1222 9997
1222 2094
1223 2922
1223 8508
1223 5133
1224 2696
1226 2213
1226 5947
1226 1359
1227 3496
1227 7422
1228 1490
1228 2712
1229 2683
1229 5564
1229 5503
1230 2427
1230 7548
1230 2495
1231 1389
1231 2733
1231 4959
1232 1504
1233 5395
1233 2436
1233 1511
1234 1618
1234 3913
1236 2927
1237 4919
1237 4044
1238 3336
1239 1954
1239 1923
1240 3875
1240 8904
1241 9345
1241 5625
1241 3965
1242 9571
1242 4824
1242 5114
1242 9167
1243 2433
1243 3882
1244 3145
1244 2843
1244 9787
1245 8548
1245 3511
1245 1675
1245 2909
1246 2038
1247 3121
1247 1891
1247 3702
1247 5512
1247 1467
1247 4956
1248 1286
1249 6693
1249 2442
1250 3334
1250 2280
1250 4073
1250 5210
1250 1500
1250 5500
1251 2113
1251 8501
1252 2665
1252 3662
1253 4648
1254 5376
1254 2589
1255 9773
1255 4255
1257 1729
1258 2466
1258 2822
1258 2559
1260 7992
1260 9374
1261 2017
1261 1750
1262 3738
1263 1826
1263 2274
1263 5815
1263 6331
1263 6061
1263 5790
1264 4587
1265 6084
1265 2872
1265 1693
1266 5140
1266 3439
1267 4160
1267 8848
1267 1943
1269 3111
1269 3980
1270 3328
1271 7271
1271 8087
1272 5314
1272 9010
1272 2903
1273 6844
1274 3365
1274 2233
1275 1712
1275 2619
1275 9436
1276 5026
1276 2633
1276 5097
1277 2513
1277 2342
1277 4490
1278 9162
1279 5873
1279 1738
1280 4646
1280 2863
1280 8383
1282 2463
1283 9441
1283 1811
1283 3945
1284 1842
1284 2904
1284 2585
1285 1612
1286 6739
1287 4643
1287 8201
1287 4444
1288 2800
1288 3912
1289 3296
1289 1947
1289 1997
1290 3170
1290 7464
1290 2106
1290 7387
1290 9391
1291 2069
1291 5689
1291 2591
1292 2384
1292 8708
1292 3311
1293 1377
1293 1670
1294 6240
1294 2536
1295 2546
1295 2674
1295 3018
1295 1597
1296 2835
1296 1910
1296 8247
1296 1642
1297 3797
1297 5930
1298 3330
1298 2035
1299 9560
1299 1517
1299 3183
1300 1466
1301 1488
1301 2023
1302 1480
1302 7801
1303 3281
1304 8214
1305 6659
1306 1964
1307 8879
1308 1400
1309 4452
1309 1990
1309 4630
1309 5158
1309 6711
1310 3760
1310 6498
1310 1323
1310 3343
1311 8019
1311 3352
1311 4607
1312 3609
1312 1869
1313 6272
1313 2019
1313 5397
1313 1479
1313 5784
1314 4386
1314 2867
1314 1533
1315 2912
1315 6740
1317 3434
1317 4686
1318 8080
1318 3889
1318 4273
1318 2499
1318 2707
1318 4532
1318 9494
1318 5943
1318 5912
1319 1456
1320 1331
1320 1322
1320 9899
1321 2618
1321 4074
1322 2288
1322 2215
1322 3405
1322 1726
1323 4525
1324 2289
1325 1635
1325 3386
1326 4435
1327 3665
1327 4661
1327 1799
1327 1674
1328 1413
1328 2445
1329 3225
1330 1697
1330 2227
1331 4133
1331 2012
1331 2174
1331 6062
1332 1559
1332 7400
1332 1755
1333 5690
1333 1871
1334 5475
1334 7430
1334 1657
1335 2629
1335 2854
1335 3097
1337 2149
1337 1839
1337 2991
1340 2146
1341 5761
1342 3112
1343 5938
1343 1524
1344 3627
1344 3916
1344 5630
1345 4568
1345 7512
1345 1663
1346 8066
1347 9616
1347 1485
1348 4355
1348 9892
1349 7296
1349 1617
1349 5827
1350 2627
1350 6250
1350 1406
1351 1749
1351 4166
1351 4334
1352 3094
1353 3175
1353 1721
1354 1568
1354 5825
1354 1960
1354 9629
1355 4569
1355 9225
1356 6837
1356 3690
1356 3868
1359 7523
1359 6750
1360 2548
1360 8036
1360 2455
1360 8362
1360 1595
1361 2140
1362 6450
1362 9107
1363 4888
1363 5800
1364 2470
1364 1455
1365 2612
1366 7625
1366 1676
1366 8543
1367 1795
1367 2358
1367 6269
1367 3231
1369 4251
1369 6413
1370 1798
1370 9273
1370 5870
1370 8719
1371 3378
1371 9491
1372 4403
1373 4196
1375 8402
1376 3153
1377 1545
1377 2873
1380 2883
1380 7820
1380 2381
1381 5409
1381 3319
1383 1414
1385 3424
1386 5677
1387 4552
1388 1622
1389 5850
1390 2132
1390 2279
1390 1672
1391 1422
1392 2212
1392 2315
1393 1992
1395 6870
1396 3436
1397 4709
1397 1789
1397 3982
1398 1879
1398 8151
1398 4124
1399 1873
1399 6297
1399 3021
1401 4304
1401 2361
1402 1713
1402 5845
1402 2615
1402 7532
1402 8302
1403 6681
1404 1783
1406 5692
1406 4734
1406 5183
1408 1763
1408 4375
1409 5953
1411 8816
1411 5717
1412 1746
1412 3290
1412 7147
1412 2687
1413 8831
1414 1730
1414 2031
1415 1734
1416 6384
1417 2786
1417 4214
1417 9256
1417 6989
1417 3326
1419 6355
1419 9335
1420 3401
1421 7806
1422 4179
1422 1614
1422 2815
1423 6234
1424 2882
1425 8720
1426 1940
1427 3025
1427 9637
1428 1767
1429 8556
1429 2111
1430 3962
1430 8651
1430 6621
1431 9971
1432 1449
1434 7074
1434 2039
1435 4641
1435 3698
1435 3656
1435 5791
1436 2309
1437 3749
1437 2377
1437 3513
1437 6313
1438 8223
1439 4982
1440 1921
1440 2129
1440 9187
1441 7763
1441 2474
1441 5035
1442 4515
1442 2396
1444 3812
1444 2678
1444 9022
1445 3085
1446 2593
1446 8210
1446 2954
1447 3966
1447 7534
1448 6314
1450 7526
1450 5384
1451 3282
1451 3379
1451 4003
1451 9395
1451 2504
1452 8279
1452 9294
1453 6048
1453 5491
1453 7685
1454 2594
1454 4441
1454 3834
1455 4407
1455 4987
1456 8518
1456 9561
1457 6394
1458 2661
1458 7659
1459 3712
1459 3475
1459 4788
1459 3531
1459 5213
1460 7379
1460 3172
1460 9628
1461 9908
1461 6091
1461 3261
1461 6333
1462 1537
1462 4081
1462 3444
1463 3133
1464 1535
1465 7273
1465 2527
1466 3235
1466 9721
1466 2830
1466 3599
1467 2261
1467 1788
1468 5984
1468 1849
1468 2697
1469 1766
1469 1581
1469 8895
1470 8706
1471 1633
1471 3637
1473 9330
1473 2351
1474 2096
1474 5522
1474 2454
1474 9066
1476 1902
1477 1993
1477 1566
1477 8046
1478 2672
1478 2418
1480 3188
1481 5880
1481 7388
1481 1901
1482 6704
1483 2294
1483 4439
1483 2297
1483 3484
1484 2736
1484 5339
1485 4400
1485 3075
1485 2517
1485 4504
1485 1515
1486 6581
1486 2250
1486 2383
1487 3008
1487 4351
1489 3130
1490 1843
1491 1685
1493 3004
1494 1592
1495 3428
1495 5961
1495 6573
1496 2640
1496 4167
1496 4397
1497 5920
1497 8112
1497 8833
1498 2339
1501 2074
1502 2115
1503 2082
1503 5243
1505 6992
1505 4418
1505 3735
1505 1594
1506 3156
1506 2072
1507 4114
1507 8980
1507 2765
1508 2340
1508 2775
1510 4979
1511 1603
1511 2100
1511 8311
1511 2664
1511 2009
1511 2588
1513 5095
1513 5919
1514 9027
1514 2010
1514 2762
1515 3474
1515 5828
1515 2935
1515 3786
1516 2609
1518 7544
1519 8197
1519 5542
1521 1714
1521 4274
1522 3360
1522 3533
1522 3710
1523 2833
1524 1695
1525 9762
1527 6630
1527 3564
1527 7518
1528 3713
1528 7702
1528 2556
1529 2415
1530 1802
1531 2423
1531 2184
1531 7161
1531 3788
1532 1797
1532 3062
1534 3313
1534 1656
1534 7064
1534 7609
1536 1737
1537 2336
1537 3719
1538 8592
1538 5931
1538 8348
1539 1808
1539 7691
1540 6341
1540 1679
1541 6204
1542 1543
1542 1578
1542 3036
1543 2064
1544 3171
1546 7616
1546 4291
1546 8652
1547 7313
1547 2924
1547 8782
1548 1727
1549 1626
1549 2891
1549 2156
1550 3127
1550 4311
1550 3101
1551 6933
1551 3622
1552 2625
1552 5331
1552 1742
1553 2199
1553 1805
1553 4558
1554 7057
1554 2164
1555 3359
1556 3709
1556 2719
1557 7353
1558 3617
1558 7852
1559 2916
1559 1864
1560 4192
1560 2043
1561 6080
1561 1838
1562 8025
1562 2842
1563 4149
1564 1944
1564 1963
1564 8011
1565 5248
1565 2290
1565 3447
1566 7681
1566 2933
1567 2042
1567 2847
1568 1718
1569 3011
1569 2270
1569 1631
1570 2408
1570 3071
1571 2413
1571 4781
1572 7527
1573 2247
1573 1851
1575 4168
1576 4229
1576 1942
1576 2006
1576 8694
1578 3185
1579 2858
1579 2667
1580 2001
1580 7498
1581 1587
1582 4289
1583 3809
1583 2376
1583 1913
1583 4361
1584 2651
1585 2961
1585 3092
1585 2045
1586 6344
1586 5883
1587 3862
1587 9110
1587 1724
1587 2124
1587 7436
1587 4878
1588 1702
1588 3063
1589 4022
1589 1609
1590 4326
1591 4904
1591 3695
1592 7416
1593 8385
1593 2138
1594 5474
1594 2057
1595 9137
1595 2355
1595 7427
1596 8485
1596 3406
1597 4288
1597 1658
1598 4818
1598 4438
1598 2089
1598 6987
1599 7347
1599 5638
1599 6810
1600 2531
1601 2306
1601 9861
1601 3014
1601 5417
1601 2029
1604 2277
1604 7611
1605 5184
1605 3219
1606 1707
1606 3387
1607 4146
1607 4099
1607 2167
1607 9656
1608 6117
1608 4263
1609 1872
1609 8517
1609 3146
1610 2333
1611 8434
1611 1709
1612 5115
1612 5807
1613 3507
1613 3095
1613 3559
1614 4825
1615 6375
1615 1772
1616 7354
1616 6795
1617 9612
1619 4173
1620 5614
1621 6658
1622 5459
1623 3768
1624 2771
1624 7592
1624 6011
1625 7204
1625 4296
1625 5962
1626 9428
1626 7989
1627 9237
1627 4280
1627 2061
1627 8221
1628 1682
1628 7926
1628 1806
1628 3838
1628 6302
1629 6312
1630 1673
1631 2928
1631 5768
1632 3705
1632 3997
1634 8433
1634 1957
1634 6542
1635 4278
1635 3017
1636 6228
1636 2327
1636 2265
1637 2590
1638 1659
1638 9645
1638 7215
1639 7425
1639 9455
1640 1689
1640 7433
1641 5202
1641 2855
1641 6217
1641 3596
1642 3602
1642 4388
1642 4027
1643 4182
1643 5227
1644 2171
1644 3339
1645 1829
1646 9988
1646 3318
1646 4331
1647 5876
1647 4104
1648 7305
1648 2220
1648 3245
1649 6121
1649 8588
1650 2080
1650 3009
1651 6994
1651 2371
1651 5380
1651 3608
1652 4800
1653 2662
1653 4014
1654 5044
1655 4530
1655 2044
1655 7439
1656 2440
1657 2545
1658 8504
1658 6028
1658 7790
1659 8256
1659 1671
1660 2467
1660 1924
1660 5261
1660 2670
1661 4066
1661 6461
1662 3652
1662 4520
1663 2432
1663 3321
1663 1803
1664 3346
1664 3607
1665 6419
1665 3450
1667 8725
1667 7450
1667 9647
1668 2906
1670 5748
1670 8996
1670 1704
1671 2483
1671 8120
1672 2021
1672 2987
1673 3728
1674 1882
1675 7166
1675 7055
1676 2055
1676 4346
1676 8894
1677 6507
1677 2716
1678 8186
1679 4849
1680 2870
1681 8822
1681 8236
1683 9722
1683 2093
1683 9951
1684 1813
1684 3894
1685 5762
1685 2037
1686 2482
1687 3866
1687 1934
1688 1747
1689 6379
1690 3504
1690 7954
1691 5616
1691 1699
1692 2308
1692 2569
1693 3249
1695 1881
1696 2737
1696 9118
1696 5903
1697 2443
1699 2781
1700 4228
1700 3033
1702 9233
1702 6392
1703 4242
1703 9018
1703 3628
1704 4424
1704 2109
1705 6755
1705 2005
1706 2699
1707 1980
1707 3757
1708 7791
1709 6005
1709 3046
1710 9887
1711 2401
1711 2219
1712 3779
1713 3731
1713 4035
1713 3799
1713 8424
1713 4812
1714 7888
1715 4977
1715 5105
1715 8899
1715 8598
1715 3575
1716 4100
1716 3032
1717 7294
1718 3357
1719 1938
1719 1834
1720 1976
1721 6969
1721 3195
1722 3697
1723 3404
1725 5040
1725 1762
1725 1781
1726 8149
1726 2812
1727 3110
1727 6951
1727 1754
1727 3597
1728 3108
1728 1911
1728 2489
1729 4674
1729 2727
1732 7445
1732 2185
1732 5274
1733 6371
1733 6501
1733 1903
1733 3583
1734 3030
1735 5429
1735 4494
1736 9778
1736 1958
1736 1752
1737 3029
1737 4102
1737 5896
1740 7894
1740 1870
1741 5510
1742 5635
1742 4294
1742 2460
1742 2573
1743 2484
1743 3304
1744 4309
1744 4886
1744 1800
1744 1951
1744 8687
1745 2793
1745 9786
1745 7947
1746 4543
1747 4486
1747 3903
1749 2098
1749 7165
1750 6480
1751 7714
1751 8846
1752 9830
1753 2881
1753 4277
1753 2182
1753 2650
1754 4479
1757 2356
1757 3995
1757 3390
1758 2394
1758 4843
1759 4656
1759 2490
1760 5013
1761 4752
1761 8323
1761 9308
1761 4062
1762 6898
1763 9995
1764 8071
1764 5469
1764 6207
1765 5286
1765 2840
1766 1845
1766 2278
1766 1915
1768 6683
1768 4652
1769 9909
1770 3408
1770 7214
1773 6562
1773 2085
1775 1844
1775 8473
1775 5965
1776 1780
1777 2791
1777 2316
1777 4716
1778 1810
1779 5557
1779 9398
1779 9981
1780 4298
1780 1821
1780 4943
1781 9910
1781 4635
1782 3920
1782 2217
1783 8802
1783 4941
1783 2286
1784 9242
1784 2620
1785 4546
1785 2554
1785 5466
1786 5468
1787 3508
1787 2617
1788 4768
1788 2391
1788 2091
1788 7787
1788 6013
1789 6523
1790 1862
1790 6198
1790 2749
1791 2688
1791 2599
1791 8604
1791 1855
1795 5968
1795 3491
1795 4813
1796 2086
1796 4647
1796 5722
1797 2063
1799 2451
1800 7541
1803 2820
1803 2809
1803 3275
1805 1898
1806 3776
1807 2876
1807 2013
1807 2157
1807 5598
1808 2501
1808 7240
1809 3445
1809 3515
1810 5388
1811 6481
1811 6098
1811 4220
1812 2819
1814 2439
1814 2282
1815 5627
1815 9884
1815 6141
1816 2464
1817 4461
1819 6632
1819 5401
1820 3625
1820 2026
1820 2959
1821 6168
1822 7368
1823 2926
1824 1986
1824 3449
1825 8818
1825 3800
1826 9135
1827 5786
1827 2539
1828 2468
1828 3355
1829 4279
1830 2321
1830 1893
1831 2243
1831 5278
1832 8640
1832 2776
1832 9067
1833 2692
1833 5834
1835 3410
1835 3226
1836 6128
1836 5518
1837 6818
1837 6420
1837 3925
1837 3181
1838 6320
1838 2861
1839 5330
1843 3351
1843 4076
1844 4360
1845 9970
1845 4469
1845 9023
1849 7257
1851 1982
1852 4161
1852 2210
1852 3333
1852 5383
1852 8686
1856 5637
1856 2502
1857 2238
1857 3150
1858 3720
1861 2745
1861 4302
1862 7923
1862 4137
1863 4172
1864 3957
1864 2519
1865 8464
1865 7549
1866 4379
1867 6364
1867 8191
1868 6760
1868 9933
1869 9255
1869 2218
1869 2191
1872 3745
1874 2083
1874 2905
1874 2346
1874 2911
1875 1985
1875 2485
1876 8196
1876 1927
1877 8193
1877 3060
1877 4110
1878 3603
1878 4557
1879 4742
1880 6195
1880 8622
1882 5622
1883 8705
1883 5853
1884 2393
1884 5565
1885 8856
1886 2305
1886 4588
1887 7277
1888 2281
1888 4202
1889 9268
1889 4442
1890 3935
1891 2932
1891 2136
1892 4962
1896 4538
1897 4737
1899 5826
1899 2486
1899 4199
1900 6036
1903 2099
1903 3316
1904 7970
1904 2211
1904 2216
1904 2285
1905 8591
1906 7811
1906 6191
1908 3923
1909 9777
1909 7513
1909 2027
1910 3076
1911 2530
1911 6330
1913 3687
1913 2571
1913 7502
1914 6729
1915 3784
1915 7039
1916 3878
1916 5951
1917 6275
1918 7674
1919 8001
1921 4215
1921 4894
1923 2047
1924 3635
1924 2166
1924 5934
1925 4576
1926 8836
1926 3765
1926 7525
1926 4151
1926 6007
1926 8539
1927 3377
1927 6834
1927 5432
1927 9471
1928 5667
1929 4475
1930 2515
1930 2803
1930 7127
1930 4938
1930 6654
1931 3331
1931 7047
1932 2808
1932 5997
1933 2446
1934 2032
1935 3280
1935 5798
1935 2520
1935 8317
1936 9126
1936 2271
1937 6890
1937 6527
1938 3964
1940 6452
1940 4325
1941 3413
1942 5057
1942 2902
1942 3227
1942 2829
1944 2186
1945 4197
1946 4780
1947 8481
1947 6184
1948 3222
1948 8537
1948 2170
1949 7951
1950 5421
1951 5662
1952 4669
1953 5030
1954 3953
1954 2283
1955 4634
1956 2036
1957 4691
1957 6985
1958 4905
1958 7961
1958 1966
1959 2298
1959 5579
1960 3376
1961 2226
1961 3119
1962 3600
1963 6949
1964 3618
1965 3058
1965 3397
1965 7274
1966 7138
1967 7344
1967 8873
1967 8044
1968 2062
1968 2831
1970 8871
1970 2649
1971 8696
1973 7988
1974 2020
1974 5621
1975 4834
1975 2165
1975 6279
1975 2173
1975 6558
1976 4116
1977 9606
1977 8235
1977 3677
1978 3891
1978 5998
1979 2852
1979 9956
1981 4972
1982 2553
1982 3291
1983 9089
1983 2551
1983 8632
1984 4935
1984 3050
1984 5006
1984 5823
1985 5007
1986 2002
1986 8886
1986 3198
1986 7855
1987 2923
1987 5083
1987 6988
1988 4528
1989 2151
1990 3931
1991 5705
1991 3067
1992 2259
1993 3493
1993 7034
1994 3283
1994 8471
1994 2666
1994 3886
1995 2135
1995 9055
1997 8110
1998 7021
1999 4078
2000 3580
2000 2511
2001 2175
2002 7038
2003 2496
2004 4862
2005 2230
2005 6758
2005 4039
2005 2846
2006 3648
2006 2114
2006 3369
2007 4492
2008 4672
2010 5234
2011 6230
2012 4705
2012 4349
2012 5230
2014 3254
2014 2574
2014 2543
2014 7871
2015 6367
2016 2931
2016 5678
2017 5546
2018 4031
2019 5325
2019 2718
2020 2608
2020 7114
2021 6705
2021 2101
2021 2254
2022 4368
2023 3264
2023 2639
2024 7585
2025 2761
2025 5578
2026 9457
2026 3518
2028 3113
2028 2430
2029 6340
2029 6665
2030 3841
2030 2229
2031 5258
2032 9159
2032 7656
2033 5602
2033 5753
2034 2825
2036 2228
2038 8889
2039 2715
2041 7809
2042 8365
2043 2516
2045 5159
2046 2731
2046 9325
2047 4989
2048 4498
2048 8333
2049 2437
2050 6513
2050 5618
2051 3044
2051 2614
2051 8874
2051 4639
2052 2874
2053 3348
2053 9487
2054 2444
2055 6147
2055 9476
2055 6118
2056 5024
2056 9657
2057 8320
2058 9927
2058 4285
2058 5789
2059 9856
2059 3122
2059 4598
2061 2331
2062 6232
2062 7164
2063 6784
2063 8805
2064 4024
2065 4240
2065 6082
2065 3844
2065 9979
2067 6776
2067 8745
2068 3594
2068 3180
2070 2568
2070 4828
2071 3314
2071 2317
2073 9088
2074 6944
2074 6887
2075 3890
2075 4887
2076 4854
2077 6609
2077 8077
2079 6226
2079 2441
2079 4508
2080 3107
2080 2122
2080 7020
2081 5548
2082 2260
2082 4463
2082 7503
2083 5764
2083 3432
2083 8267
2084 7632
2084 4693
2084 8648
2085 2092
2086 5349
2087 4183
2087 2296
2087 4863
2088 4761
2088 2477
2089 6975
2090 2966
2090 3529
2090 8858
2091 6349
2092 6977
2093 3274
2093 5852
2095 4314
2095 3822
2095 5199
2096 5458
2096 4090
2098 6247
2098 5102
2099 8020
2099 5148
2100 2236
2101 6193
2101 3636
2101 4969
2103 4025
2105 3655
2105 2222
2106 4649
2107 3941
2107 9622
2107 8779
2108 2750
2109 2200
2109 5851
2110 5749
2111 2739
2111 6391
2112 2832
2112 9896
2112 8974
2113 7489
2114 2144
2114 6105
2114 9643
2115 5176
2116 2780
2116 6095
2117 2407
2117 3271
2119 2514
2119 5131
2121 2369
2121 4877
2121 5597
2122 2160
2123 7868
2124 3221
2125 6211
2125 6107
2126 3578
2129 2176
2129 3288
2129 4121
2131 3658
2132 5442
2132 3548
2132 5532
2132 4382
2133 7680
2133 6538
2134 2318
2135 2528
2135 4899
2135 6797
2136 2955
2137 3216
2137 2643
2137 3006
2137 9711
2139 9172
2140 4823
2141 2563
2141 2792
2142 3116
2142 3372
2142 3644
2142 3740
2142 9213
2143 3899
2144 7188
2144 5957
2145 8770
2145 2566
2146 9042
2147 7202
2147 6904
2149 8371
2149 6583
2149 2234
2150 5282
2150 9635
2150 4795
2151 2578
2152 2450
2152 2264
2154 3056
2155 2977
2155 2838
2155 8198
2155 3469
2155 2334
2156 3257
2156 5865
2157 2498
2157 8722
2158 5664
2158 5574
2159 4577
2160 2469
2160 3400
2160 7420
2160 8781
2161 2424
2161 5609
2161 6857
2163 4950
2163 4942
2164 2813
2165 2823
2165 2681
2166 8743
2167 4573
2167 2510
2168 2723
2169 9281
2169 9253
2169 2392
2170 5212
2170 4157
2171 6166
2172 2721
2172 2328
2173 3958
2173 7159
2173 7882
2174 5624
2176 4374
2176 3951
2177 2616
2177 3503
2178 9876
2179 3967
2180 4678
2180 6973
2181 6790
2181 3752
2182 8865
2182 8281
2183 4002
2183 3772
2184 5418
2185 4730
2186 4198
2186 2794
2187 6041
2188 5020
2188 7821
2189 8352
2189 5082
2190 3310
2191 2448
2191 5446
2191 6808
2191 2206
2192 9702
2192 2575
2193 4726
2193 7839
2194 8108
2195 3361
2195 8027
2195 3230
2197 5633
2197 2370
2197 8525
2197 4191
2198 3831
2200 2338
2200 3306
2200 6735
2200 7551
2201 7687
2202 2386
2202 6694
2203 3555
2203 3733
2203 9238
2203 3708
2203 3727
2204 3038
2206 6462
2207 3028
2207 6203
2208 6235
2208 6814
2209 9873
2210 9681
2210 5894
2211 5424
2211 5648
2211 4903
2212 9705
2213 5924
2213 5094
2217 2850
2217 6308
2218 3303
2219 3906
2219 4454
2219 7710
2220 2900
2220 5508
2220 8330
2221 2549
2221 8789
2225 2240
2225 7895
2225 3320
2225 7531
2225 7324
2225 9900
2226 3373
2230 4708
2230 3910
2232 2269
2233 4584
2233 4109
2233 4637
2234 4549
2234 2359
2235 2319
2236 9120
2236 5711
2237 2320
2237 2754
2238 4518
2238 9386
2239 4218
2240 4738
2240 3207
2240 4551
2240 3167
2241 7174
2242 2735
2243 2947
2243 3078
2244 5121
2244 3619
2244 5075
2244 3703
2245 5370
2246 3440
2246 2598
2246 4662
2247 4865
2247 3364
2248 2714
2249 3093
2251 8658
2251 4281
2251 4890
2252 2757
2252 9695
2254 5128
2255 2535
2255 4169
2255 2783
2258 6928
2258 2995
2259 7351
2259 9080
2259 6286
2260 5495
2261 8531
2262 3292
2262 3149
2262 6287
2263 3585
2263 2868
2263 4276
2263 9453
2264 3792
2264 5169
2265 6862
2266 4615
2266 3704
2267 5589
2267 2503
2267 6670
2268 2797
2269 9783
2270 2347
2270 6524
2271 8535
2272 2389
2273 8164
2273 8519
2273 3420
2274 4512
2274 8179
2274 6503
2274 6238
2275 3138
2276 5093
2276 7621
2276 4398
2277 5320
2277 4015
2278 2547
2278 6262
2279 6278
2279 3528
2279 6376
2280 2368
2280 4721
2280 3587
2280 4741
2280 3366
2280 3098
2281 3286
2282 5427
2283 7665
2284 3851
2285 3457
2285 3538
2286 4089
2286 5754
2287 4807
2287 4473
2288 9270
2288 9881
2289 6399
2290 5138
2291 7426
2292 7564
2295 5456
2295 3383
2296 3688
2296 3706
2296 4047
2297 4667
2298 2756
2302 8778
2303 4163
2303 4840
2304 9264
2306 2787
2306 6572
2307 5010
2307 5650
2307 7157
2307 3645
2308 4054
2308 5702
2308 3161
2310 7058
2310 3284
2310 3767
2310 8090
2310 9854
2311 9849
2311 4507
2311 9100
2312 2457
2314 6955
2314 7069
2316 4540
2317 9034
2317 3806
2317 4367
2318 5643
2319 9847
2320 7588
2320 8693
2320 4855
2320 4991
2321 5207
2321 9053
2322 5124
2322 2648
2322 9592
2324 9313
2325 8806
2325 4747
2326 5671
2326 7418
2326 7419
2327 3384
2327 7432
2327 3470
2327 6446
2330 9052
2331 4026
2332 4562
2332 5506
2332 3981
2333 4032
2333 3368
2333 9214
2334 8530
2334 6476
2335 3994
2335 3118
2335 7967
2338 5972
2339 3460
2341 2885
2343 8645
2344 6626
2346 2561
2346 5974
2346 6585
2348 5361
2348 8803
2348 5028
2349 5221
2349 3340
2350 5000
2351 3077
2351 4470
2351 9276
2352 7600
2352 5890
2354 2799
2355 4485
2355 3929
2356 7051
2358 6043
2360 3176
2360 7897
2361 3874
2362 3638
2362 3244
2363 3985
2363 2884
2365 3826
2366 4262
2369 6821
2369 2458
2369 6604
2371 5489
2371 9701
2371 4510
2372 4694
2372 8135
2372 2508
2374 9235
2375 3237
2376 3842
2376 7160
2377 4154
2378 6536
2379 4093
2381 2758
2382 3969
2382 3388
2384 2704
2385 2880
2385 3382
2385 6727
2388 3954
2388 7705
2389 3755
2391 4030
2391 3791
2391 3823
2392 4896
2393 4966
2393 3611
2393 3423
2395 6458
2395 4319
2396 3869
2397 8920
2398 2768
2399 2570
2400 3433
2401 9857
2402 2804
2402 2491
2402 4235
2403 5687
2403 9576
2403 5023
2404 7287
2404 7037
2406 4777
2406 5946
2407 4436
2407 2760
2407 6441
2408 2798
2409 2817
2409 9706
2410 6440
2411 3456
2411 9685
2411 2969
2412 9848
2414 7086
2416 3472
2416 4471
2417 3521
2417 6097
2417 9802
2417 5037
2419 2849
2419 5955
2419 4524
2419 2767
2422 3263
2424 2512
2424 6448
2425 4503
2425 6792
2426 8376
2426 3007
2427 7105
2427 3707
2427 4861
2428 4487
2428 2907
2429 4210
2429 9155
2429 3349
2429 8054
2430 2471
2430 5530
2430 4958
2431 2529
2431 2472
2431 4205
2432 2682
2433 6377
2433 8254
2434 7720
2434 4923
2435 8631
2435 5646
2436 8416
2436 8341
2436 4509
2437 4928
2437 8545
2439 9050
2440 7881
2440 3178
2442 8469
2443 7312
2443 6456
2444 4448
2444 5483
2444 7949
2445 3211
2446 9105
2447 8820
2447 8287
2448 7843
2448 7413
2449 5242
2450 3446
2450 3131
2450 3358
2451 4453
2451 9430
2451 3240
2452 9821
2452 3615
2453 3117
2454 5613
2454 3054
2455 7267
2455 5262
2456 5069
2457 4244
2457 3998
2458 3893
2458 3909
2458 2702
2459 3353
2460 7041
2460 9633
2460 9011
2460 6953
2460 3756
2461 4060
2462 8960
2462 8994
2462 5726
2463 5241
2465 5092
2465 5306
2466 9761
2466 4995
2466 7191
2466 9339
2468 4908
2469 4219
2470 7187
2470 3532
2471 4925
2471 6702
2472 3458
2472 5986
2472 2630
2473 2856
2474 4376
2474 3663
2475 6274
2477 8170
2477 9259
2477 7197
2479 6610
2480 2626
2481 9557
2482 4190
2484 8215
2485 8599
2486 3265
2486 5239
2486 6327
2488 7054
2489 6732
2490 5721
2493 2929
2493 6260
2493 9928
2494 2710
2494 2729
2495 8773
2496 2521
2496 4651
2497 3956
2498 4217
2499 7931
2499 9807
2500 5623
2503 3347
2504 9755
2505 3154
2505 6158
2505 3151
2506 8043
2506 6221
2507 9668
2507 3177
2508 6515
2508 3845
2509 3610
2510 9315
2511 9585
2511 2919
2511 6201
2511 4748
2513 7411
2513 9623
2513 8526
2514 8757
2514 3943
2515 5836
2516 4328
2517 4493
2518 5250
2518 9186
2518 4550
2519 3396
2519 4599
2520 7997
2521 3059
2522 7118
2523 5882
2523 3276
2525 3065
2525 4636
2527 5379
2528 8646
2528 4683
2529 7447
2529 2828
2530 2998
2530 5240
2530 3884
2532 2839
2533 7957
2533 7629
2533 9021
2534 5699
2534 5843
2535 5404
2535 6157
2536 2773
2536 4327
2536 5720
2536 7530
2536 8139
2539 7706
2539 7357
2540 3879
2540 7293
2541 6435
2541 7562
2543 6178
2544 3031
2544 5628
2545 7474
2545 4918
2547 8962
2547 8772
2547 8216
2549 7241
2550 6911
2551 5605
2553 7760
2553 2706
2553 4483
2553 6547
2554 7036
2555 6212
2556 3057
2557 7299
2559 4083
2559 2988
2560 3722
2561 6242
2561 6914
2561 7780
2562 8263
2562 4633
2562 6265
2562 6444
2562 6685
2563 2826
2564 6533
2564 7733
2565 4484
2565 5173
2566 5280
2566 9764
2568 4320
2568 4017
2568 2862
2570 2635
2573 2769
2573 3398
2573 8173
2575 3793
2576 4539
2577 2865
2580 4340
2580 4841
2580 7210
2581 8970
2582 9452
2582 6525
2585 7107
2585 3003
2587 3824
2587 2994
2587 9671
2589 5653
2589 5211
2589 9019
2590 4659
2590 2967
2590 5067
2590 2879
2591 3847
2594 6088
2594 4270
2595 5995
2595 2637
2596 9173
2596 3159
2596 2875
2597 4257
2597 6722
2597 8374
2597 3148
2598 3173
2599 2689
2600 3512
2601 4208
2603 2659
2603 4115
2604 6540
2607 4592
2607 2647
2607 7239
2608 4385
2608 2821
2608 3001
2608 7514
2611 4187
2613 5904
2614 7374
2615 2722
2615 7032
2615 9068
2615 2893
2616 8753
2617 3819
2618 4043
2618 9341
2619 2717
2620 9872
2620 8439
2621 8115
2621 3208
2622 4947
2624 5922
2624 3403
2625 8118
2625 2937
2626 6521
2628 8288
2628 3252
2628 2638
2629 6699
2630 3572
2630 3691
2630 5100
2631 6688
2632 2888
2632 6796
2632 3726
2633 5120
2633 2763
2634 3991
2635 8161
2635 3946
2636 4153
2637 7976
2638 4876
2639 9796
2640 4567
2643 2708
2643 6026
2646 8536
2647 9356
2648 5106
2648 3763
2648 7494
2649 5935
2650 2653
2651 3104
2651 7552
2653 3168
2654 7407
2658 4406
2659 5736
2660 2960
2660 4372
2661 3202
2661 7213
2662 3073
2662 5681
2662 2940
2663 6123
2664 4362
2665 4617
2665 3100
2666 5047
2666 5387
2666 3165
2667 3554
2668 3537
2669 5154
2669 7275
2670 6566
2670 8951
2671 3039
2672 6468
2673 7633
2675 8851
2675 7846
2675 9946
2676 7842
2676 8570
2677 9749
2677 3166
2678 6290
2679 3872
2681 2871
2681 4968
2681 5757
2681 9741
2683 5760
2683 2851
2683 5231
2685 6044
2685 2894
2686 7172
2686 3081
2687 8955
2688 3190
2688 3815
2689 3064
2691 4390
2692 5528
2693 2742
2693 5950
2694 6947
2694 2981
2694 7613
2695 8656
2695 8428
2695 4317
2695 2958
2696 9283
2696 7783
2696 9994
2697 4338
2698 3344
2698 4778
2699 4897
2703 8740
2704 4822
2704 6137
2705 5610
2708 5521
2708 6383
2709 4720
2709 8084
2710 4595
2710 3732
2712 2936
2713 3545
2714 3061
2714 7575
2715 7337
2715 8828
2716 3723
2717 6354
2717 2853
2717 3770
2718 2976
2718 3214
2719 2802
2719 9684
2720 4883
2721 5288
2721 8671
2722 3251
2722 7462
2722 8589
2722 3647
2724 6822
2724 6600
2724 4462
2725 3640
2725 3278
2727 4259
2729 5281
2729 4443
2731 7764
2731 3839
2732 6560
2734 3466
2738 6883
2738 4988
2738 9261
2739 5593
2741 4640
2741 6156
2742 5364
2742 3595
2743 4932
2744 5362
2745 8565
2745 2982
2745 7286
2746 6155
2747 9348
2747 3109
2747 4037
2747 5847
2748 3616
2748 9590
2749 4064
2749 8563
2749 8342
2749 6551
2749 9085
2750 3861
2750 8251
2751 7181
2754 7568
2756 5744
2756 2857
2756 5391
2757 5539
2757 3096
2758 5925
2758 3416
2758 3643
2759 3236
2761 2979
2761 3565
2761 6493
2762 5072
2762 3850
2763 6728
2764 6411
2765 3968
2766 9165
2768 4810
2768 6206
2768 3711
2770 4704
2770 2921
2771 4188
2772 2897
2774 9347
2774 9189
2774 3686
2777 7027
2779 6224
2779 3042
2779 7429
2780 4075
2781 3715
2781 8941
2782 3479
2782 3855
2783 4601
2784 7062
2785 4087
2785 6679
2785 4330
2785 3323
2786 3632
2786 3267
2786 7974
2787 3540
2788 3473
2789 7729
2789 9046
2789 9257
2790 5494
2790 6839
2791 2896
2792 7756
2793 5779
2794 3307
2794 4445
2795 7824
2796 4293
2797 6981
2800 3717
2801 8343
2802 4913
2802 2895
2802 3407
2803 8496
2803 9878
2803 2841
2803 5167
2804 4805
2805 6099
2805 4431
2807 3169
2807 3186
2810 7799
2812 4506
2813 8408
2814 6289
2815 4728
2818 3074
2818 4213
2819 5572
2819 5496
2819 4233
2820 7011
2820 8551
2821 4561
2822 8580
2823 7505
2823 3988
2823 2844
2824 6358
2824 4779
2825 8997
2826 3729
2826 4323
2828 2890
2829 5891
2829 6484
2829 3887
2830 2866
2831 4575
2833 7073
2834 3209
2836 4668
2836 6300
2837 9342
2838 4765
2838 5631
2839 4801
2839 3783
2839 3865
2840 7937
2841 7265
2841 4405
2841 9128
2843 3979
2843 7261
2844 4789
2849 4303
2852 9498
2852 4411
2853 3024
2853 3683
2855 4152
2855 4429
2855 4590
2857 3174
2857 9591
2858 3022
2859 6724
2859 2965
2859 3694
2859 6958
2860 8635
2861 5989
2862 9493
2863 5906
2863 5300
2865 5603
2865 3210
2865 4666
2865 7085
2867 5312
2867 7345
2869 5810
2869 2980
2869 5752
2869 3914
2869 4427
2869 3678
2870 7307
2872 5076
2872 3259
2872 4175
2873 3633
2873 4787
2877 4290
2877 6709
2877 8040
2878 3342
2879 8354
2879 4579
2879 8739
2879 7018
2879 3020
2880 3932
2880 8669
2883 7808
2883 3736
2884 5973
2885 7591
2886 8513
2886 3522
2887 3897
2887 8461
2887 4271
2888 8630
2888 6687
2890 5911
2892 3088
2892 3232
2892 3157
2892 7622
2893 3918
2894 5892
2895 5472
2896 6646
2897 4336
2897 9406
2898 4344
2901 3048
2902 7056
2902 6690
2902 3389
2903 5419
2903 3581
2904 2964
2904 4046
2904 4799
2905 6185
2905 7196
2906 3204
2906 5336
2906 7352
2907 3427
2907 5580
2908 3525
2911 7751
2912 6806
2913 8378
2914 9349
2914 5898
2916 4147
2916 9955
2917 5251
2918 6478
2919 3524
2920 5048
2920 6299
2921 9538
2921 3807
2922 5763
2922 6134
2922 6616
2922 5916
2923 6516
2923 4711
2923 4697
2925 3393
2926 6491
2927 7222
2927 7695
2928 4541
2929 6382
2930 5055
2931 3670
2931 8998
2931 7095
2931 5885
2934 6034
2937 5636
2937 8538
2938 7483
2939 3904
2939 6919
2940 5591
2940 6365
2940 4879
2941 8133
2942 2948
2942 4774
2943 4866
2945 9405
2946 9321
2946 3549
2948 6337
2948 3234
2948 3778
2948 4409
2949 8929
2951 3570
2953 8785
2953 7672
2953 5018
2954 4867
2956 8930
2959 3517
2960 5068
2967 3374
2968 4211
2968 5674
2968 3483
2969 5021
2969 3919
2972 8936
2973 7061
2973 6599
2973 3371
2974 9732
2974 3480
2974 9465
2975 3557
2976 3047
2976 4105
2977 4757
2977 4758
2978 5861
2978 5641
2979 7601
2979 7977
2979 4654
2981 3782
2982 6066
2982 3140
2982 7862
2984 3955
2984 8422
2985 6144
2985 4221
2985 4638
2986 5135
2987 6017
2987 8835
2990 6352
2990 5985
2990 6058
2990 5374
2991 3462
2992 9490
2992 6757
2993 6492
2994 4623
2994 8607
2995 5137
2995 5796
2995 3179
2995 5244
2995 6079
2996 9841
2996 4724
2996 4071
2997 4129
2998 4917
2998 5629
2999 3037
3000 6864
3000 6866
3000 8234
3001 6788
3002 7125
3002 7615
3003 7620
3004 7479
3006 4464
3006 6067
3007 3530
3010 6012
3011 7991
3012 6530
3013 4952
3014 8098
3015 4353
3015 8355
3015 7913
3016 8843
3017 3588
3017 7097
3018 6146
3018 7050
3020 6918
3020 4410
3021 3103
3022 3367
3022 3467
3022 4300
3022 5615
3023 6644
3024 4120
3024 3455
3025 7233
3025 7412
3025 3163
3025 4619
3027 4851
3028 6244
3030 7179
3032 9271
3032 3544
3033 3481
3033 4889
3035 9333
3037 4627
3037 4632
3037 8878
3040 3337
3042 3051
3043 8298
3045 4347
3046 3794
3047 8305
3047 4729
3047 3978
3048 3268
3048 8189
3049 9414
3049 4713
3049 3933
3052 5430
3052 7066
3053 5015
3053 5143
3053 3900
3054 9415
3054 6873
3055 6301
3055 9613
3057 4593
3058 8744
3060 6726
3062 8259
3062 5181
3063 3604
3065 6410
3067 3123
3068 5051
3069 9843
3069 3675
3070 9987
3070 5991
3071 5921
3072 6359
3072 7259
3073 5366
3074 4929
3075 7366
3076 6130
3076 7487
3077 3563
3077 4796
3078 8692
3078 4940
3078 5599
3079 8582
3080 9495
3082 6370
3082 3561
3084 4564
3085 8944
3086 4006
3087 9221
3089 5016
3091 9600
3092 3833
3094 3577
3094 5085
3095 7644
3096 6357
3096 3863
3096 9582
3099 3560
3101 7645
3102 5718
3102 6908
3103 8396
3106 7537
3107 9817
3107 7614
3108 6899
3109 4842
3112 3203
3112 6298
3113 5270
3113 3751
3114 8150
3114 5575
3114 3499
3115 3155
3116 9811
3116 5844
3116 7524
3118 3547
3120 6916
3120 6342
3122 6846
3123 8683
3124 7319
3125 4021
3126 9215
3127 4029
3128 6673
3128 8017
3128 4759
3128 9832
3128 6490
3129 5959
3130 4155
3131 6514
3131 5098
3132 3742
3133 4266
3134 3189
3134 9838
3137 5208
3137 5467
3137 3229
3140 9545
3141 3543
3142 6447
3145 3212
3146 5252
3146 3692
3147 6613
3147 6663
3147 4426
3147 4269
3148 6708
3148 8454
3149 8049
3149 8456
3149 9003
3152 4042
3152 8667
3152 3614
3153 3213
3156 3828
3156 6509
3156 8765
3158 5225
3160 6294
3160 4391
3160 5818
3161 4773
3163 4722
3163 9895
3164 8724
3165 3298
3165 9129
3166 7744
3167 6831
3169 6667
3170 4690
3172 8587
3173 3425
3173 6167
3174 8934
3174 7583
3176 9696
3176 9745
3176 4460
3176 8495
3178 6273
3178 9217
3178 7124
3178 8091
3178 3789
3179 7476
3179 6438
3179 8375
3179 6713
3179 8510
3180 5296
3181 5543
3183 3301
3183 3753
3186 6574
3187 8528
3187 4373
3187 3302
3187 8507
3187 3196
3188 8227
3189 5878
3190 5308
3191 3476
3193 9879
3193 4684
3195 9480
3196 3579
3197 8064
3198 4467
3199 4159
3200 4112
3200 8684
3201 5507
3201 9354
3202 3392
3203 3354
3204 4052
3205 4608
3205 5191
3206 3840
3208 9036
3210 5103
3212 5684
3213 7372
3214 3312
3214 4394
3215 5301
3215 9658
3216 3505
3219 4148
3219 6189
3221 7694
3222 9852
3222 5871
3224 9588
3224 5070
3225 4399
3226 5398
3227 4421
3228 4033
3229 3482
3230 7742
3232 3730
3232 7119
3232 7727
3233 8452
3233 6825
3234 5223
3235 4139
3237 9982
3238 4626
3240 7234
3240 9563
3242 4306
3242 3895
3244 6865
3244 7870
3244 5087
3246 9944
3247 8690
3248 8506
3248 6219
3249 9594
3251 9252
3251 3494
3252 6768
3252 5832
3254 5941
3258 5473
3258 3747
3258 7247
3259 3764
3259 7208
3259 5484
3260 6657
3260 7109
3262 9240
3262 8175
3265 4097
3265 5778
3265 6741
3267 9537
3267 9378
3268 9051
3269 4628
3269 9673
3270 6284
3271 7060
3272 8228
3272 5788
3273 4359
3275 4481
3275 7225
3275 6075
3277 5724
3278 6129
3278 6406
3279 7335
3279 4572
3280 6669
3282 9818
3283 5905
3283 9025
3283 6069
3283 4413
3284 7281
3285 9548
3289 4237
3290 3329
3290 4985
3290 7068
3292 5061
3293 7452
3294 3552
3295 3399
3297 3590
3297 6124
3299 4001
3299 4764
3300 9718
3300 3821
3303 4945
3303 5838
3305 4212
3306 9547
3307 4820
3307 6309
3307 3415
3307 6780
3308 4106
3308 8991
3309 4423
3309 3593
3310 3905
3310 6449
3310 4457
3312 9379
3313 7747
3313 8068
3316 6205
3317 4836
3317 3737
3318 3395
3320 6131
3322 7510
3322 3852
3323 4673
3323 9806
3324 7441
3325 4621
3326 7469
3327 4804
3329 5588
3329 6277
3329 5431
3329 6905
3330 6196
3331 4384
3332 4978
3332 3606
3333 3381
3337 8610
3338 8662
3338 4845
3339 8812
3339 8397
3340 3856
3340 8650
3340 4363
3341 6138
3342 7300
3342 5034
3343 4732
3345 7253
3346 7244
3349 6849
3349 4316
3350 7765
3350 9384
3351 9666
3351 3574
3352 9996
3354 7973
3354 3576
3355 6187
3355 6719
3356 6564
3357 6177
3358 5514
3358 6174
3359 3744
3359 4583
3360 3682
3360 4018
3363 3621
3363 8222
3364 3569
3364 6786
3365 3380
3367 4387
3367 7637
3367 5321
3370 6607
3371 8353
3371 8119
3371 8360
3372 4571
3372 3567
3374 7952
3374 8680
3375 7865
3378 9760
3380 5449
3382 4065
3382 3902
3387 6924
3388 3970
3388 8253
3389 5186
3391 5511
3393 5799
3395 4739
3396 5201
3396 4698
3397 7355
3399 3858
3400 3837
3401 8741
3402 6631
3407 8037
3408 8269
3411 3539
3413 8752
3413 7542
3415 6771
3416 6222
3417 3419
3417 6556
3418 4466
3419 5194
3420 4295
3420 5358
3422 6510
3423 8484
3423 9319
3423 4921
3425 5686
3425 3803
3427 6653
3428 8679
3428 7996
3430 4389
3431 6200
3431 8777
3432 3880
3433 7908
3433 7402
3434 3558
3434 6266
3434 4335
3435 6150
3437 6798
3439 8784
3439 4422
3441 3975
3442 4178
3443 5835
3443 4141
3444 7091
3444 4790
3445 8769
3445 5462
3445 6854
3447 6040
3448 4041
3449 4933
3449 5477
3450 6531
3450 5029
3451 6596
3451 6021
3451 4763
3452 5703
3452 7983
3453 6512
3453 7668
3455 4848
3457 7040
3459 4437
3459 3898
3459 3774
3459 3871
3461 9719
3462 4234
3464 4936
3464 4847
3465 7331
3468 4679
3468 8574
3470 3741
3471 4023
3472 5171
3472 9211
3474 6328
3475 3605
3476 9880
3479 6934
3479 6281
3482 4476
3482 4095
3483 7590
3484 3959
3484 4733
3485 3550
3485 8366
3486 7190
3488 7782
3489 6990
3490 4750
3491 7889
3492 5368
3492 8623
3493 3746
3494 3960
3495 9936
3495 8377
3496 8491
3497 8431
3500 7079
3500 5400
3503 9200
3503 5949
3504 6051
3504 4404
3504 6190
3506 4258
3507 6179
3507 4957
3509 5122
3509 6921
3510 8608
3510 3654
3512 6437
3513 3673
3515 5745
3516 9514
3517 8912
3517 8426
3518 7218
3518 3526
3519 4497
3519 4203
3521 7576
3522 4613
3522 9670
3523 4819
3523 6116
3524 8554
3525 4547
3526 7697
3526 3942
3528 6902
3528 4253
3529 8156
3531 3769
3531 7775
3532 3592
3533 5238
3533 9769
3534 7794
3534 5716
3534 6879
3539 9329
3539 4821
3540 5801
3544 6395
3544 8815
3545 5540
3545 5644
3547 5509
3550 4591
3551 4687
3552 4005
3553 3748
3554 7636
3556 4051
3557 9062
3557 7115
3557 6749
3558 4260
3558 6649
3558 8699
3559 3680
3559 4067
3560 9985
3560 4450
3567 8914
3567 3796
3567 4791
3569 3766
3570 9417
3570 6668
3571 4016
3572 7103
3573 7914
3575 6772
3575 3814
3575 3915
3578 3907
3580 6720
3581 4892
3585 8672
3589 5200
3589 8277
3590 3971
3590 5257
3592 5910
3592 9190
3592 7689
3592 4395
3592 7117
3596 5378
3596 5405
3596 4574
3597 5840
3597 3848
3598 5874
3599 8717
3602 6467
3603 6502
3606 8450
3606 9146
3606 5259
3608 6401
3612 7746
3612 7363
3612 4782
3613 5680
3613 5351
3614 3888
3615 4380
3617 4629
3619 7545
3620 4594
3620 8971
3621 7910
3621 7658
3622 4265
3622 9226
3623 5218
3623 7046
3624 4671
3625 5620
3626 4827
3627 9239
3628 6961
3628 7467
3629 8290
3631 4784
3632 6416
3632 3989
3632 3849
3632 3870
3633 9870
3634 6736
3634 9765
3635 7311
3636 4655
3639 3795
3639 8092
3639 5134
3639 9694
3640 4645
3640 4554
3640 8477
3641 5041
3641 4370
3641 4797
3642 5303
3642 4142
3645 6100
3645 6009
3646 6769
3646 4500
3649 3990
3652 7752
3653 8771
3655 5192
3656 5386
3657 6712
3657 9820
3658 5415
3658 6602
3658 5019
3660 4358
3660 5881
3660 3679
3661 7380
3662 8774
3663 5893
3663 7639
3663 8140
3663 4702
3664 4868
3665 5808
3665 6838
3665 7451
3666 7035
3670 3952
3670 7825
3670 4566
3670 4058
3672 4786
3675 7907
3675 5287
3675 6855
3675 3689
3676 5003
3677 5064
3677 5451
3678 7397
3678 6023
3678 6127
3680 3830
3680 4714
3682 4973
3683 4482
3683 3892
3683 8905
3686 6995
3686 5759
3687 9448
3687 5502
3688 8863
3689 3714
3691 4310
3691 3817
3696 4893
3700 5334
3701 3885
3702 3825
3702 8358
3705 4256
3705 9517
3705 4223
3706 9938
3707 7968
3707 4455
3707 8908
3707 9837
3711 6578
3711 7270
3711 7670
3712 3973
3714 6723
3714 4712
3715 4680
3716 6046
3717 4184
3719 8942
3720 6055
3721 9216
3721 4829
3722 4339
3722 4760
3723 5113
3725 4049
3726 6400
3726 7773
3727 6967
3728 5217
3728 5204
3729 9552
3729 4246
3729 5846
3731 4088
3732 5604
3732 6152
3732 9390
3734 8411
3735 7128
3735 4268
3737 6875
3739 8285
3740 4056
3740 4555
3741 5412
3744 8728
3746 8136
3746 6282
3748 5084
3749 9383
3750 3860
3750 8824
3750 5803
3751 3937
3751 8921
3752 4677
3753 6160
3754 4119
3754 3820
3754 8861
3756 5353
3757 5130
3759 6243
3759 7912
3761 4873
3764 3947
3765 3924
3765 5209
3767 9179
3768 4048
3770 5889
3771 7667
3771 7769
3772 7251
3773 4004
3773 4245
3773 5164
3774 7873
3774 3917
3776 6237
3778 5802
3779 9609
3780 4657
3781 7437
3782 4961
3784 7610
3784 9005
3785 7232
3785 7922
3785 9202
3785 8619
3786 5264
3786 4783
3787 4580
3789 5566
3790 6972
3790 9663
3791 9930
3792 4181
3792 9941
3792 5420
3793 9097
3794 7072
3794 7898
3794 8188
3795 4706
3796 4474
3797 5525
3799 9320
3801 9587
3802 5385
3802 4350
3803 5766
3803 4746
3804 5570
3804 8412
3806 5980
3807 4267
3808 8345
3808 9151
3811 5704
3811 6872
3812 7641
3813 7508
3813 6170
3814 6368
3815 4653
3816 3939
3816 6851
3818 9636
3819 4308
3821 4560
3822 5249
3822 3961
3822 5661
3823 4414
3824 4682
3825 6612
3825 5050
3825 9454
3826 8590
3827 7640
3828 8489
3828 9913
3831 4145
3831 7941
3832 7338
3833 4432
3833 4859
3838 4658
3838 6165
3838 5785
3838 5002
3839 5394
3839 6835
3839 5096
3841 7956
3842 8032
3842 9443
3842 6229
3842 4010
3845 7798
3845 7901
3848 4719
3851 4324
3857 8474
3858 4254
3859 4275
3860 9507
3860 7661
3861 3974
3864 9662
3865 7675
3866 8624
3867 5322
3868 5117
3869 6022
3870 7276
3872 8516
3872 7750
3873 8246
3873 4895
3875 4000
3877 4143
3878 8289
3878 9543
3878 5402
3884 5318
3886 5568
3886 7348
3886 7753
3886 9644
3888 8203
3888 6959
3889 8661
3889 8877
3892 4794
3895 8242
3896 4226
3898 7176
3899 4085
3899 9337
3899 6335
3902 9952
3902 5770
3902 8845
3903 6698
3905 7539
3905 4756
3905 6125
3905 5294
3906 4020
3908 3940
3909 6432
3910 6316
3910 6813
3910 7246
3911 9307
3913 4911
3914 8018
3915 8659
3916 4007
3918 4057
3918 8303
3920 4817
3920 5059
3920 9667
3920 7382
3921 6173
3926 7734
3926 5017
3928 4008
3928 9693
3929 7295
3931 6429
3932 6183
3933 4491
3934 8102
3934 5480
3934 7480
3936 6264
3936 4585
3936 5161
3936 4186
3938 4850
3939 4553
3941 5441
3942 7028
3943 7730
3943 8409
3944 3993
3944 5340
3946 7390
3947 5862
3948 9049
3949 8003
3949 4902
3953 7227
3954 6676
3954 6140
3955 8986
3955 6845
3957 7700
3957 5866
3959 4480
3959 5527
3959 5193
3960 6249
3961 6976
3961 7325
3963 4354
3963 4612
3963 6534
3964 5268
3964 4430
3967 4393
3968 9387
3968 6764
3969 4563
3972 7628
3972 4318
3973 8050
3973 5782
3974 6555
3975 8470
3975 5551
3978 4882
3978 8109
3979 7186
3979 4696
3980 7156
3980 5781
3981 5152
3987 6295
3987 4926
3989 7971
3989 8041
3989 7454
3989 5295
3991 5765
3991 8677
3991 7495
3998 4976
3998 5556
3998 4537
4000 7116
4003 9530
4004 6436
4008 6094
4009 5562
4009 7342
4010 7488
4011 5031
4012 9031
4013 7822
4015 7673
4016 5867
4018 9365
4018 9967
4019 8240
4020 7903
4020 8959
4021 6404
4022 5701
4023 4189
4023 4990
4027 7458
4028 7696
4028 8379
4029 6614
4030 6261
4031 4138
4035 5999
4037 7268
4037 7014
4038 7864
4039 9328
4039 7459
4043 9618
4044 5600
4044 5864
4045 6223
4048 5265
4048 4377
4048 7199
4050 5396
4050 7206
4053 6535
4053 4586
4053 7343
4056 8165
4057 8405
4057 5005
4061 4844
4066 4096
4067 6634
4070 8373
4070 4118
4070 6423
4070 7834
4071 4446
4073 8613
4075 9116
4078 4754
4078 7231
4079 7802
4079 9228
4080 4596
4081 6113
4081 6937
4086 4094
4086 7566
4090 8195
4093 6096
4093 4307
4094 9424
4094 7509
4094 5165
4095 6103
4096 5956
4097 4692
4097 6390
4098 6257
4099 6071
4099 4875
4099 9275
4100 5523
4101 7688
4101 6827
4102 7559
4103 4736
4103 5373
4106 6601
4106 4603
4107 9757
4107 9150
4108 9652
4108 4123
4109 4225
4110 8276
4112 6745
4113 7364
4114 5983
4115 7089
4116 4345
4118 4857
4120 6759
4122 4785
4123 6085
4125 4981
4127 7200
4129 7515
4129 8319
4130 5634
4132 8048
4132 6809
4133 5657
4135 9429
4140 4718
4140 7711
4141 9170
4141 8615
4141 6169
4142 8014
4143 6348
4143 8605
4144 8829
4145 5729
4145 4519
4146 7940
4146 7221
4146 8860
4147 4832
4147 5463
4147 6935
4148 4997
4148 5561
4148 7563
4149 5659
4149 5709
4150 9529
4152 7269
4152 6408
4153 4793
4153 4927
4153 9375
4155 5077
4157 5205
4157 4472
4161 5685
4162 8177
4162 7053
4163 6522
4164 7453
4167 8859
4168 6761
4170 7925
4170 6999
4172 5299
4173 9972
4174 5305
4176 6145
4177 8978
4180 5032
4182 6407
4183 6053
4184 5559
4184 4604
4184 4447
4185 6877
4185 4287
4186 6334
4187 7816
4190 7654
4190 7933
4193 8012
4194 6149
4195 5830
4195 9372
4195 5917
4198 6640
4200 8417
4200 5513
4201 4992
4201 7666
4201 5583
4205 5004
4206 8737
4206 5438
4209 5907
4210 5639
4211 9816
4211 5804
4212 5266
4213 8478
4213 6543
4215 6208
4215 4802
4216 8194
4217 5936
4218 4337
4218 8099
4219 4299
4220 4419
4222 7288
4223 7446
4225 7081
4227 9057
4227 9883
4228 4392
4229 8704
4229 7851
4231 8350
4232 7507
4233 6695
4233 8923
4233 6606
4235 5490
4237 9756
4237 9710
4239 6052
4240 8062
4241 5086
4243 6725
4249 4428
4250 8853
4251 7587
4251 8533
4254 5567
4254 6255
4255 5655
4255 5081
4258 5731
4259 5285
4261 4744
4261 4906
4263 5179
4266 7920
4267 4922
4268 4412
4269 6120
4269 5049
4270 6307
4270 7396
4270 4934
4272 9649
4277 6945
4277 8122
4277 9004
4279 6751
4280 8499
4281 9923
4281 5078
4285 4589
4289 6754
4290 9241
4291 4994
4291 8730
4293 5436
4295 5897
4297 4960
4297 5232
4297 5735
4298 6418
4298 6841
4298 5819
4299 5056
4300 8764
4300 5695
4301 5538
4303 5247
4304 4642
4307 5452
4307 9292
4310 6070
4312 4689
4312 9367
4313 4740
4314 7735
4315 6869
4315 6922
4316 6619
4317 4869
4318 9572
4321 6997
4321 4695
4321 5338
4321 7934
4322 4930
4322 6202
4322 5071
4323 9194
4325 5932
4327 7858
4327 9835
4328 5246
4330 5371
4331 4727
4334 6886
4335 6528
4337 4513
4337 6405
4342 8475
4342 5501
4342 7167
4345 9712
4345 7958
4347 9260
4347 6285
4350 6104
4352 6620
4355 9965
4356 6417
4357 4974
4357 4831
4359 8758
4360 4681
4363 4401
4365 8388
4365 7823
4367 8527
4371 4826
4374 8468
4375 8063
4376 4915
4376 6093
4379 4616
4380 8577
4380 9915
4383 5447
4383 5053
4383 6927
4384 9825
4384 6946
4385 7723
4386 9559
4387 8455
4388 4984
4389 4949
4390 6858
4391 4644
4391 6773
4393 7217
4393 5524
4393 5381
4394 5691
4394 9934
4395 4699
4396 7440
4397 7398
4398 6073
4399 9157
4402 7121
4402 4870
4404 4999
4405 5206
4406 5326
4407 5536
4411 5541
4412 7033
4412 9758
4414 5747
4416 9044
4418 6800
4418 7854
4419 4449
4419 6586
4419 4526
4420 9860
4420 4523
4427 4901
4430 8898
4431 4548
4433 5272
4433 4717
4433 5533
4434 4767
4437 7796
4437 5670
4438 5829
4438 7129
4439 7044
4439 9301
4440 6054
4441 5481
4444 4891
4445 9119
4446 7142
4450 6439
4450 6888
4450 6569
4450 5195
4451 5214
4452 6381
4454 6807
4455 5162
4456 5839
4457 5302
4457 7484
4459 7415
4459 9466
4462 4559
4463 8103
4464 9566
4467 6734
4469 7998
4471 9553
4472 5606
4476 7332
4476 7918
4481 5859
4482 9846
4483 5304
4484 5535
4485 7084
4486 5226
4487 5812
4487 8494
4488 6259
4489 9932
4490 8502
4491 7150
4492 5444
4492 7482
4492 7567
4493 6253
4496 6936
4496 5039
4497 7538
4497 5640
4497 5101
4503 7279
4504 4631
4505 9974
4505 8552
4507 5267
4507 7135
4508 6652
4509 8443
4509 7327
4518 6518
4520 8245
4522 4993
4522 7029
4525 5359
4527 7804
4528 9048
4529 5842
4529 5132
4532 6627
4534 4675
4534 6691
4535 6324
4535 7631
4538 6003
4539 6884
4541 7185
4541 9193
4545 7306
4546 5734
4550 4700
4551 7993
4552 4885
4554 5168
4555 9408
4557 8872
4557 5151
4558 8055
4561 6803
4561 6710
4564 6871
4564 7369
4565 9728
4566 5327
4567 6576
4567 5291
4569 6454
4569 8620
4569 7807
4571 9554
4571 9435
4573 9382
4577 5520
4578 9147
4580 7536
4581 9014
4582 8124
4582 6957
4583 8130
4583 4954
4584 7298
4585 4880
4586 7962
4587 9015
4588 6310
4589 5335
4590 8586
4590 6175
4591 7506
4592 8321
4592 6674
4592 7282
4593 5108
4594 8578
4594 8239
4595 8312
4596 5088
4596 6386
4599 5581
4601 8339
4604 6396
4607 4808
4608 6847
4621 8483
4624 9569
4624 9839
4625 8915
4626 7470
4627 7236
4627 5271
4629 9497
4630 7010
4631 6482
4632 5348
4636 6615
4638 9906
4639 9882
4640 5038
4641 5254
4642 6315
4642 7853
4647 8561
4648 5414
4649 8738
4651 8893
4654 7473
4655 7813
4655 4924
4657 7655
4659 7557
4660 8731
4660 7262
4662 9984
4662 7797
4662 8887
4662 5900
4665 9522
4670 5601
4672 5091
4672 6024
4672 7465
4672 6892
4675 6643
4676 4837
4676 4815
4677 8597
4678 9738
4681 8596
4682 5531
4682 5901
4686 6161
4686 8780
4693 8384
4693 7709
4695 5150
4695 7007
4697 5001
4699 7857
4702 5413
4704 9864
4707 8002
4709 9692
4712 6469
4712 9369
4713 5868
4717 4931
4718 8614
4718 9975
4718 8171
4719 5127
4720 7938
4720 5645
4720 9502
4722 5256
4722 9992
4722 6111
4723 7146
4725 5123
4726 4830
4727 7490
4728 5937
4732 6598
4735 5928
4735 5229
4736 8280
4737 7059
4738 7845
4740 5347
4740 6980
4740 5160
4742 9420
4747 6552
4747 5582
4747 8910
4750 6210
4750 9064
4752 6464
4752 6920
4754 5188
4760 7570
4760 8841
4761 4914
4761 7263
4767 5977
4769 5141
4771 8176
4771 5422
4772 5382
4774 8804
4774 6956
4777 5777
4777 7013
4780 9145
4782 6325
4782 8407
4782 9020
4782 9501
4784 9184
4784 6748
4785 5219
4785 5350
4786 9482
4786 5279
4787 6842
4791 7866
4794 7830
4795 4967
4796 5177
4801 6020
4801 4920
4801 5996
4802 6008
4804 6889
4805 6587
4806 5668
4806 9098
4807 6781
4811 7618
4815 9740
4817 5014
4818 5435
4819 9287
4819 7163
4820 9739
4820 7774
4821 7939
4821 6254
4823 6641
4824 8174
4825 7108
4829 7850
4830 5990
4832 6520
4833 4939
4834 7175
4835 8211
4836 8512
4838 5697
4839 6742
4839 8182
4845 7966
4847 7582
4849 5915
4850 9840
4850 7043
4850 7671
4851 7960
4852 7303
4855 5706
4856 9288
4856 6682
4858 5776
4860 7736
4860 8664
4860 7071
4861 9868
4862 5156
4864 9461
4864 6078
4866 9792
4870 8794
4873 6336
4873 6767
4874 5411
4874 8392
4874 6730
4875 5848
4875 8989
4875 9853
4877 9280
4878 9246
4878 5439
4879 7990
4879 5774
4880 8338
4880 5110
4881 9782
4881 6636
4885 6692
4885 5611
4887 9631
4889 9366
4889 6895
4891 6853
4892 6039
4892 7979
4897 5126
4902 6747
4906 6074
4906 9117
4907 6707
4908 5652
4909 5909
4913 7847
4913 4975
4914 5976
4917 9488
4917 6465
4918 8212
4918 5289
4919 8883
4920 6296
4922 7878
4923 9939
4923 5545
4925 5971
4925 9291
4930 5450
4930 6027
4932 9858
4933 5944
4934 9258
4935 7477
4938 6092
4939 7370
4940 6057
4941 7874
4942 8078
4944 7088
4944 7589
4947 8819
4947 7678
4949 6917
4949 5112
4952 9540
4953 5345
4953 7302
4954 9300
4955 7322
4956 6900
4958 6532
4958 5311
4959 5515
4960 6323
4961 5987
4962 6832
4962 6733
4963 7732
4963 5783
4965 5969
4966 5725
4967 8576
4967 6906
4968 5292
4969 5066
4969 5805
4969 5342
4970 9154
4974 5073
4976 7141
4977 5104
4979 9799
4979 5065
4980 6605
4981 7285
4982 5676
4984 9442
4984 5317
4985 6805
4988 6154
4994 7106
4997 8117
4997 6495
4998 6433
4999 5727
5005 5080
5005 9481
5006 5147
5006 7356
5008 5553
5009 6563
5010 9254
5011 5694
5013 7571
5014 7359
5016 6422
5018 5298
5019 7049
5020 6114
5020 8429
5021 5356
5025 7201
5027 5841
5029 9767
5031 9894
5032 9334
5032 5964
5033 5537
5035 5837
5036 6025
5039 9958
5040 9574
5043 7985
5043 5355
5043 7758
5047 7475
5047 5673
5047 5277
5047 7070
5048 5895
5048 6220
5052 6459
5055 5166
5058 9850
5059 5416
5060 6215
5064 7660
5068 6194
5070 6912
5073 6506
5074 5793
5075 9922
5075 7972
5078 8584
5079 5809
5079 9121
5080 7728
5081 8035
5085 5728
5086 8642
5086 7162
5087 5273
5087 5626
5087 5228
5089 5592
5089 8601
5089 5594
5089 6765
5090 7065
5091 6489
5091 5519
5093 8983
5093 8233
5093 8813
5094 8213
5096 8272
5096 6267
5097 8093
5100 6812
5103 7812
5105 6427
5105 6063
5107 9776
5109 5714
5110 5293
5111 6700
5112 6466
5112 5772
5112 6428
5113 6086
5115 9263
5116 7630
5117 7078
5117 9432
5118 9748
5118 8039
5119 9727
5121 5453
5126 9084
5128 6192
5130 8711
5130 9866
5132 9679
5133 7829
5134 5816
5136 5958
5136 5454
5143 7876
5146 8697
5147 7171
5147 6647
5150 7431
5151 7110
5153 7341
5156 9423
5158 7375
5165 6239
5166 7810
5171 7558
5172 6494
5173 6387
5174 8284
5180 9360
5182 9531
5183 8977
5184 8016
5185 5811
5185 9236
5185 7759
5186 9404
5187 9125
5190 8076
5192 6366
5197 8943
5199 8420
5199 7900
5200 7731
5200 7212
5202 5738
5205 9063
5206 7424
5207 9355
5214 5403
5215 5363
5217 6373
5218 8594
5219 6060
5223 5493
5224 6966
5224 7596
5225 8867
5227 5682
5230 5389
5232 7835
5233 6544
5234 8349
5238 5855
5239 5927
5239 5437
5241 8295
5242 5884
5243 5831
5245 9785
5247 5482
5248 8866
5248 7677
5248 9133
5250 5313
5253 8421
5253 9797
5257 6677
5260 8329
5266 6496
5269 6763
5270 7284
5270 6153
5275 7693
5276 5933
5279 8297
5283 5504
5287 5576
5287 6554
5288 6209
5291 9632
5295 5619
5295 6414
5299 6624
5299 6590
5300 7837
5306 7595
5306 7803
5307 5780
5308 5549
5310 5497
5310 9065
5313 9489
5313 9499
5314 5476
5314 8394
5315 8575
5317 7749
5319 6639
5321 8801
5326 8393
5327 5939
5327 8415
5328 8937
5334 5913
5335 6431
5336 5715
5336 8902
5336 6311
5337 7577
5339 6650
5341 5822
5344 5713
5347 5529
5347 7151
5349 5795
5352 5758
5353 7657
5357 7230
5358 7112
5361 5393
5361 5367
5362 8447
5364 7817
5365 7520
5365 5833
5371 7113
5375 9373
5377 7683
5379 6794
5380 7384
5380 8079
5381 5488
5382 9601
5382 9389
5384 8200
5386 7619
5388 5470
5389 7249
5392 8935
5393 9809
5393 6486
5394 9400
5395 6826
5397 7540
5397 8244
5398 7122
5399 9410
5403 6225
5407 5485
5407 8286
5417 5586
5420 8125
5421 8628
5421 9399
5423 5558
5424 9081
5425 6473
5426 7602
5426 9508
5426 6087
5426 8571
5429 9646
5430 6393
5431 7026
5433 9730
5433 7211
5434 7321
5435 9772
5436 8933
5436 8713
5440 8972
5440 6575
5442 6608
5442 6962
5445 6032
5447 8480
5447 9506
5448 5787
5449 9289
5449 6475
5451 5649
5451 6529
5452 7283
5453 8310
5453 8088
5453 6042
5454 8359
5456 9362
5456 7139
5458 5590
5461 5632
5461 5526
5463 7000
5464 6876
5465 9948
5467 9704
5468 6398
5470 9331
5473 8132
5473 5544
5475 8273
5476 7504
5476 9676
5477 8435
5477 5879
5480 7522
5482 5569
5483 6703
5485 8875
5488 9327
5489 8947
5492 6577
5492 9541
5492 7788
5493 8007
5495 8814
5497 5792
5500 9072
5500 6388
5503 5585
5503 9203
5507 8419
5508 8386
5511 7104
5514 6508
5517 9218
5517 9396
5517 8682
5521 6782
5523 5773
5524 6775
5525 5688
5528 8217
5528 6270
5529 9520
5531 7916
5535 5584
5536 6848
5538 7649
5538 9272
5540 7953
5540 9844
5541 8081
5541 5719
5541 8583
5544 6047
5546 7093
5547 9115
5551 5710
5554 6389
5555 5587
5556 8004
5556 8825
5556 6126
5557 8566
5558 5573
5558 7308
5560 7394
5560 9885
5561 8462
5568 7904
5570 5856
5570 7491
5570 7771
5572 6318
5574 6064
5574 8553
5575 8315
5577 9083
5577 8238
5579 7333
5579 6666
5579 6460
5580 7909
5580 5750
5581 6541
5590 9605
5593 6014
5593 8206
5593 8958
5596 7361
5599 6960
5600 7867
5602 8327
5604 6430
5605 7793
5610 8643
5610 8564
5612 8075
5615 8505
5616 7329
5618 6738
5621 9177
5624 7650
5624 7556
5626 6163
5627 5857
5627 9425
5628 6332
5630 8547
5631 5756
5634 5813
5635 6929
5635 8113
5636 5929
5637 9069
5638 8691
5641 5775
5643 9823
5651 5902
5651 8446
5654 9381
5656 7565
5660 5712
5660 6783
5663 6015
5664 9875
5671 6245
5674 8042
5675 6112
5675 7501
5678 8524
5680 6651
5681 6102
5683 6859
5687 9232
5688 9604
5690 9659
5692 6159
5693 6497
5695 8644
5696 7879
5696 7192
5699 7409
5699 8498
5699 9682
5701 5743
5702 9472
5704 7098
5705 8541
5705 9549
5706 8413
5708 6716
5709 6378
5718 6721
5718 5767
5719 9451
5720 8760
5720 9149
5725 7242
5727 7755
5728 7102
5729 6487
5729 5967
5732 6018
5732 6714
5732 9627
5734 7944
5736 7762
5737 9855
5740 9833
5743 7699
5743 9624
5748 7826
5750 8555
5751 9104
5753 9323
5753 6878
5756 8992
5758 9416
5759 6227
5761 9889
5762 7682
5763 9152
5764 6499
5766 7278
5769 9580
5770 8094
5772 6592
5773 9402
5773 9788
5776 6347
5776 7198
5777 6880
5779 5820
5783 6362
5787 6186
5795 6369
5799 6424
5800 7528
5802 5806
5804 6589
5807 8509
5811 9584
5812 7995
5816 8569
5819 5914
5830 6101
5830 7143
5834 6132
5835 6546
5836 6617
5839 9296
5839 6292
5840 8637
5842 6443
5844 9227
5844 8335
5845 7178
5848 7623
5853 7255
5854 9475
5855 8793
5856 9598
5858 7248
5861 8838
5862 6463
5863 9047
5864 9815
5869 7928
5871 8928
5872 9803
5876 6488
5881 5982
5886 7184
5887 7360
5888 8249
5890 7136
5892 8868
5895 7593
5896 8698
5900 9304
5900 9368
5901 8229
5903 7340
5903 7421
5904 6110
5905 9141
5907 6817
5907 7237
5908 8181
5908 6923
5908 5948
5909 7272
5911 7158
5912 5970
5915 7016
5915 8024
5917 6305
5924 6743
5925 6077
5927 6570
5929 8437
5930 9427
5933 8318
5934 7499
5936 8243
5936 8324
5941 9156
5943 6557
5945 8817
5945 6197
5947 8703
5948 8059
5950 8146
5951 9865
5954 7254
5956 9171
5957 6656
5958 7757
5968 9751
5972 7738
5973 9805
5974 6176
5974 9274
5984 6635
5984 7581
5986 9377
5986 8695
5986 9212
5989 6833
5990 9779
5990 7401
5995 8729
5995 7358
5996 9299
5997 6035
5997 9078
5999 9562
6000 9515
6000 6031
6002 6374
6003 7012
6004 8968
6004 7818
6005 7975
6007 6500
6011 9579
6013 8051
6013 8111
6014 8220
6017 9207
6021 8880
6021 9447
6021 8105
6022 9371
6025 6483
6030 6642
6031 7120
6032 6856
6033 9863
6035 7460
6036 7984
6037 8579
6037 6511
6038 7905
6043 6930
6044 6236
6045 6811
6047 6979
6047 9496
6047 6345
6048 9338
6049 6622
6053 8702
6056 6770
6059 7048
6060 7902
6062 9206
6063 7945
6063 8271
6067 7792
6067 6603
6069 6164
6069 8346
6070 7603
6071 6338
6072 6445
6075 6697
6075 8441
6077 7252
6082 8857
6082 9886
6086 7546
6090 8148
6095 6548
6099 9708
6100 7964
6101 6505
6103 8163
6103 6901
6104 8755
6105 8300
6106 9897
6107 8316
6108 6671
6111 6216
6113 7827
6114 8681
6116 7713
6116 8918
6117 6425
6120 6241
6120 6897
6121 7442
6123 6588
6125 8850
6125 9957
6126 9485
6131 7554
6133 7443
6137 7885
6142 9536
6142 7761
6144 9175
6158 8634
6158 7646
6160 8278
6161 6549
6162 6882
6163 9473
6168 7815
6169 6625
6170 8726
6171 7005
6173 9523
6175 9717
6176 7371
6180 9000
6182 7927
6184 7395
6184 9567
6186 7461
6186 9445
6186 6910
6187 7173
6191 6940
6193 7075
6193 8053
6194 7543
6194 6793
6195 7297
6197 8180
6201 9602
6201 8749
6202 7323
6204 6380
6206 8448
6207 6660
6209 7584
6210 8357
6213 9210
6213 8795
6215 7795
6216 6968
6217 8466
6225 8797
6225 9293
6228 8611
6229 7148
6229 9535
6231 7391
6233 7083
6235 9181
6236 8073
6240 8534
6249 7383
6252 6293
6253 6965
6253 7291
6254 7373
6256 6675
6256 7466
6264 6442
6267 6662
6269 8399
6270 9980
6273 6706
6275 8925
6282 8798
6285 7258
6289 7617
6289 9002
6291 6519
6292 8045
6293 6485
6296 6963
6299 8009
6301 6828
6302 6801
6302 7063
6306 8232
6308 9192
6312 6517
6313 9603
6319 9822
6323 9770
6332 8038
6341 6829
6344 9305
6347 8676
6349 9634
6352 6689
6354 8626
6356 9249
6357 7838
6363 9568
6368 7624
6370 8603
6377 6402
6377 9812
6387 7840
6387 8336
6388 8939
6389 7385
6390 7435
6392 9176
6395 7256
6395 9244
6400 8595
6405 6629
6406 7741
6410 8827
6410 9691
6411 9483
6412 9112
6416 8514
6419 7776
6424 8544
6424 7193
6426 6802
6434 8144
6435 8678
6437 7635
6443 8258
6451 7748
6456 8807
6464 9196
6469 9174
6472 7767
6478 7153
6483 9642
6484 7414
6484 9519
6488 9468
6489 7235
6492 7982
6494 8766
6498 9102
6499 8799
6500 8308
6500 8380
6501 8166
6502 7679
6505 7887
6510 9095
6515 6561
6515 6863
6518 8248
6523 8486
6523 9158
6528 8869
6528 7884
6529 7203
6529 6655
6530 9041
6535 9620
6538 9007
6543 8432
6551 8057
6552 9310
6552 8015
6553 8100
6560 8638
6561 9674
6561 9834
6563 6881
6565 9278
6566 7569
6567 9929
6570 9961
6572 8700
6578 6789
6579 7485
6582 7052
6582 8606
6583 6648
6583 8842
6584 9086
6584 8911
6586 8218
6592 9073
6594 6785
6595 6991
6599 8314
6600 6970
6605 9575
6607 8993
6608 7250
6610 8208
6612 8442
6620 9650
6621 7921
6626 9250
6628 8675
6628 6868
6632 9087
6633 7800
6635 9433
6635 8621
6636 7377
6636 9267
6639 7228
6641 6885
6643 8950
6643 8639
6649 7529
6652 7893
6653 9394
6653 8459
6657 8847
6660 9123
6660 8568
6670 7932
6675 6715
6677 8322
6677 9350
6678 9814
6678 8840
6679 9144
6680 8723
6680 8183
6680 8172
6694 9079
6697 7168
6697 8881
6700 6756
6702 7082
6706 8919
6708 6815
6711 6993
6718 8759
6721 7819
6725 8104
6728 9512
6731 7367
6732 7404
6736 7137
6738 7664
6739 9094
6740 7492
6740 6823
6740 9688
6740 8270
6741 8006
6743 6982
6753 9001
6762 8849
6763 7207
6763 7463
6766 7154
6775 7017
6779 8616
6781 8479
6782 7924
6784 7500
6793 9114
6798 8665
6801 9277
6802 8748
6802 8796
6809 7182
6812 8560
6814 7169
6814 8707
6815 9750
6815 9723
6817 7886
6819 8085
6829 6830
6832 7986
6833 8116
6833 6986
6835 7428
6837 8072
6838 7457
6841 9962
6848 9678
6849 8404
6851 8436
6855 8147
6856 9804
6856 8030
6859 8618
6861 7828
6862 8572
6864 9716
6873 7310
6882 8401
6883 8265
6884 8423
6886 9664
6886 7362
6886 6952
6886 7304
6886 9082
6888 9074
6888 7339
6889 8022
6891 8839
6895 9224
6903 9101
6903 8670
6903 8559
6905 7553
6905 7101
6909 8641
6910 6964
6913 9703
6916 9033
6917 7861
6919 8823
6924 8896
6926 8965
6929 9449
6939 9918
6940 8028
6941 9589
6941 7836
6942 9045
6945 7573
6947 7238
6947 7292
6948 9810
6950 7076
6959 8390
6961 9029
6962 6998
6967 7090
6971 7703
6972 7346
6973 7365
6974 8558
6979 7468
6989 9324
6996 9595
6996 7676
7002 7132
7009 7399
7010 7219
7010 7144
7011 8400
7011 9638
7013 7605
7013 7289
7013 9467
7017 9654
7021 7497
7025 7768
7027 8382
7033 8903
7037 7205
7040 7712
7042 8932
7044 8026
7047 8414
7050 8751
7052 8837
7052 8127
7054 9040
7055 8460
7056 7405
7057 8237
7058 7126
7059 8458
7061 7784
7062 7915
7063 7315
7066 8754
7071 9364
7073 8361
7076 9028
7083 9113
7083 7260
7084 9059
7087 8152
7087 9419
7094 8292
7097 7195
7099 8367
7104 8811
7107 9775
7109 9989
7115 9026
7119 9385
7119 9661
7123 9573
7128 7663
7129 8387
7129 9164
7129 8655
7132 8776
7136 9148
7139 8000
7140 7560
7147 8363
7154 8410
7157 8370
7160 7318
7160 9707
7162 8060
7162 7486
7163 7772
7165 7684
7165 7786
7168 9558
7168 7223
7169 7317
7170 8906
7173 8268
7174 9510
7175 7389
7175 7517
7177 9286
7178 8306
7178 9801
7178 7740
7185 7778
7187 8633
7190 8557
7194 8451
7196 7781
7205 9744
7206 7936
7207 7948
7216 8788
7219 7707
7222 7572
7222 8775
7223 8973
7224 9318
7224 9306
7234 8916
7255 8332
7256 9361
7264 7716
7267 9302
7276 7724
7277 7309
7282 7290
7287 8096
7288 9058
7292 7408
7292 9013
7298 8969
7299 9950
7299 9966
7300 9234
7308 9570
7309 9037
7311 9470
7312 8457
7316 9303
7316 7743
7317 8313
7318 9056
7324 9893
7324 9551
7327 7608
7331 8145
7332 9479
7335 8143
7343 9819
7346 8747
7351 7481
7352 8261
7353 8736
7354 7648
7354 9836
7359 7417
7362 7848
7365 8917
7368 8647
7375 8549
7377 8653
7381 8550
7384 8593
7387 9376
7387 9935
7392 9460
7396 7550
7398 7930
7401 9715
7402 9625
7402 9916
7407 9709
7409 8326
7410 8629
7411 8718
7413 8293
7421 7598
7428 7579
7428 8381
7429 7863
7435 8954
7437 7754
7443 9284
7446 7456
7446 8523
7449 9771
7453 8967
7458 9357
7462 7872
7469 8472
7471 9729
7471 7739
7472 8600
7474 9282
7474 7955
7474 8010
7478 8034
7480 8787
7484 9039
7492 9090
7494 9075
7494 7704
7501 7561
7503 9297
7510 8067
7513 8160
7515 7950
7520 8768
7520 7906
7524 9949
7526 7555
7526 7999
7533 9024
7538 8882
7540 8021
7541 7626
7542 7607
7547 9565
7549 7844
7550 8984
7554 7859
7562 8542
7571 8786
7573 9134
7575 8832
7582 8255
7590 8453
7592 8294
7599 7719
7604 9122
7606 7832
7621 9285
7621 9734
7625 8482
7625 9477
7626 8184
7642 8389
7645 8529
7645 8945
7646 7965
7648 8097
7651 9911
7656 9199
7657 8231
7657 8029
7659 7686
7660 7701
7662 9188
7669 8137
7669 8138
7670 8005
7671 7875
7674 8299
7675 8734
7678 8154
7694 9907
7695 9290
7699 9774
7706 9229
7709 9891
7710 9478
7710 8395
7711 8821
7715 8500
7719 8763
7721 9474
7722 8957
7723 8095
7725 9888
7729 9248
7729 9032
7730 9071
7734 9431
7738 8204
7740 7841
7740 8086
7741 9462
7742 8250
7743 8617
7750 8952
7751 8134
7752 9976
7767 9619
7777 8192
7782 9269
7783 8609
7793 7981
7795 8940
7808 9484
7809 9223
7815 8612
7822 8985
7823 9403
7827 8047
7829 8128
7831 8304
7832 8490
7832 9407
7835 8282
7838 8953
7841 9544
7849 8158
7852 7942
7858 8033
7865 9511
7869 9266
7872 7980
7877 9209
7881 8230
7911 9099
7923 9752
7930 8121
7935 8225
7936 9142
7939 8169
7940 8497
7943 9898
7946 9564
7947 9611
7948 9309
7953 8262
7970 8855
7995 9630
7999 8901
8004 9747
8011 8854
8017 9768
8017 8685
8020 8732
8024 9608
8025 8167
8025 9978
8032 9070
8034 8511
8037 9469
8039 8809
8044 9919
8048 8226
8048 8982
8049 9550
8055 8356
8061 9969
8064 9546
8070 8418
8077 8347
8077 9871
8079 8750
8080 8202
8085 8334
8091 9093
8092 9180
8094 9311
8101 9700
8104 9713
8111 9687
8112 8562
8121 8844
8122 9845
8129 8892
8130 8573
8153 8492
8161 8488
8164 8546
8165 8913
8175 8199
8179 9793
8184 9672
8195 8649
8207 8949
8208 8328
8209 9012
8222 9621
8226 9388
8228 8666
8231 9655
8233 8625
8236 9103
8246 9794
8246 9790
8250 8337
8252 8721
8254 8800
8258 9945
8261 9532
8262 8956
8263 9316
8263 9197
8264 8266
8267 9959
8267 8636
8269 8487
8275 9639
8277 9343
8279 8946
8282 8398
8285 8907
8293 8493
8307 8900
8319 8673
8326 9247
8329 9492
8345 8735
8360 8964
8364 9518
8372 8948
8383 8627
8387 9524
8396 8963
8398 8668
8422 8888
8433 9412
8449 9869
8454 9505
8454 8602
8456 8979
8463 9931
8464 8790
8470 8532
8475 9358
8479 9581
8486 9006
8489 8897
8496 9542
8496 9867
8497 9030
8513 8715
8547 8876
8555 9295
8569 9583
8570 8987
8571 9166
8577 9960
8590 9111
8595 8938
8611 9555
8616 9724
8623 8791
8628 9422
8632 9163
8650 9008
8650 8966
8653 9735
8669 8810
8670 9418
8703 9312
8704 9486
8706 9516
8717 9109
8750 9332
8756 9108
8758 9528
8759 9675
8774 9130
8779 9986
8780 9132
8788 9168
8793 9607
8805 9851
8816 9346
8818 8870
8820 9784
8825 8834
8830 9413
8842 9169
8845 9198
8861 9245
8877 9725
8890 8922
8890 9182
8892 9789
8905 9824
8908 9800
8930 9038
8938 9043
8966 9160
8980 8990
8984 9106
8984 9016
8992 9737
9011 9092
9035 9877
9061 9298
9070 9401
9079 9827
9083 9859
9085 9596
9111 9813
9123 9222
9154 9509
9179 9689
9194 9902
9223 9690
9226 9380
9234 9677
9235 9901
9241 9680
9242 9903
9266 9831
9298 9920
9329 9446
9342 9556
9343 9409
9345 9393
9347 9924
9363 9862
9397 9651
9410 9754
9415 9610
9418 9459
9435 9828
9443 9500
9483 9780
9553 9943
9553 9753
9614 9798
9718 9808
9722 9905
9788 9954
9844 9990
9861 9963
9923 9953
