10000
0 1472
0 1
0 2
0 5
0 69
0 520
0 457
0 9065
0 90
0 2063
1 7972
1 149
1 134
1 119
1 1319
1 40
1 2696
2 562
2 3
2 4
2 660
2 117
2 279
2 807
2 8
2 201
3 96
3 1408
3 100
3 4342
3 10
3 8122
3 2523
4 5568
4 66
4 179
4 662
4 7
4 56
4 9
4 172
4 6700
5 6
5 205
5 302
6 768
6 133
6 7879
6 43
7 7296
7 5251
7 4021
7 441
7 107
7 955
7 12
8 643
8 165
8 167
8 11
8 14
8 30
8 15
8 175
9 130
9 278
9 2262
9 24
9 376
9 536
9 6312
9 299
9 28
9 5983
10 2673
10 102
10 6182
10 59
10 9532
11 23
11 88
11 362
11 94
12 144
12 2981
12 74
12 1019
12 13
12 6509
13 1488
13 3056
13 7694
14 16
14 68
14 86
14 599
14 5900
15 17
15 225
15 1492
15 85
15 29
15 63
16 113
16 193
16 305
16 20
16 1828
16 357
16 1149
16 46
16 414
16 31
17 112
17 18
17 21
17 1142
17 26
17 1306
17 142
17 1439
18 678
18 3911
18 395
18 9867
18 6640
18 178
18 19
18 115
18 243
18 22
18 157
18 701
19 418
19 2677
19 6453
19 663
19 1671
19 41
19 57
19 510
19 47
20 33
20 35
20 83
20 918
20 5991
20 122
20 4926
20 111
21 1025
21 36
21 756
21 197
21 25
21 27
21 60
21 382
22 273
22 34
22 4930
22 2020
22 3207
22 539
22 287
23 4960
23 9221
23 296
23 9261
23 702
24 3553
24 9044
24 341
24 39
24 280
24 1002
24 5439
25 501
25 1173
25 7205
25 1063
25 251
25 316
25 461
26 162
26 87
26 217
26 75
26 3420
26 45
26 5085
27 372
27 2036
27 53
27 70
27 5660
28 212
28 1318
28 344
28 360
28 1642
29 32
29 288
29 9607
29 2141
29 638
30 432
30 4961
30 259
30 659
30 52
30 5524
30 213
30 54
30 220
30 4462
31 49
31 2674
31 2998
31 3193
32 7251
32 38
32 9930
32 1901
32 7294
33 464
33 3777
33 50
33 51
33 803
33 2724
33 326
33 58
33 254
33 191
34 1666
34 1525
34 438
34 760
34 221
34 1309
35 338
35 37
35 44
35 447
36 256
36 773
36 504
36 187
37 499
37 1271
37 8839
37 424
37 3160
37 121
37 2095
38 80
38 7824
38 306
38 471
38 42
38 6074
38 494
39 48
39 884
39 2504
39 154
39 363
39 2751
40 1250
40 4658
40 72
40 1561
40 1291
40 2124
40 3052
40 1053
41 248
41 3467
42 176
42 2240
42 585
42 109
42 1693
43 2480
43 1714
43 153
43 906
43 2606
43 6142
44 384
44 6096
44 772
44 1253
44 2790
44 237
45 4912
45 804
45 3828
45 2121
45 219
45 2763
45 318
46 6674
46 3447
46 409
46 953
46 4587
46 78
47 2161
47 1395
47 646
47 124
47 158
47 238
48 356
48 694
48 4423
48 815
49 465
49 374
49 1503
50 4062
51 979
51 1110
51 7882
51 2909
51 159
52 657
52 2898
52 2950
52 391
52 9006
53 166
53 3302
53 55
53 61
53 269
53 301
54 195
54 181
54 903
54 2056
54 95
55 129
55 1601
55 2883
55 148
55 2581
55 486
55 886
55 1753
55 108
55 572
55 830
56 64
56 4328
56 73
56 377
56 3577
57 1890
57 8342
57 715
57 189
57 9310
57 399
58 4848
58 737
58 436
58 1064
59 368
59 2592
59 67
59 99
59 710
59 4231
59 1035
59 910
59 5070
60 161
60 3400
60 666
60 428
60 1260
60 93
60 62
61 945
61 4450
61 104
61 155
61 76
61 2127
62 3507
62 105
62 333
62 5518
62 2511
63 65
63 84
63 3094
63 6919
63 152
63 89
63 4666
63 2636
64 9527
64 1624
64 813
64 5551
65 1380
65 71
65 91
65 92
65 925
65 1501
66 580
66 230
66 550
66 361
66 303
67 1153
67 882
67 8358
67 232
67 538
67 173
67 941
68 145
68 9441
68 5778
68 468
68 2791
68 136
68 5608
68 746
68 203
68 126
69 466
69 4149
69 4199
69 440
69 364
69 1038
69 767
70 82
70 2778
70 4127
71 97
71 98
71 1236
71 790
71 263
71 584
71 619
72 4496
72 4615
72 9432
72 569
72 1994
72 351
73 3074
73 294
73 854
73 2871
73 681
73 156
73 77
74 3808
74 3272
74 7546
75 1440
75 244
75 183
75 120
75 1130
75 317
76 627
76 1397
76 1388
76 253
76 1597
77 118
77 1766
77 728
77 186
78 2000
78 753
78 5736
78 110
78 79
79 292
79 2663
80 1520
80 81
80 137
80 169
80 190
80 2143
81 1937
81 242
81 131
81 3478
81 103
81 3656
82 1331
82 4267
83 3441
83 310
83 1718
83 792
83 3037
83 174
83 606
83 1438
84 177
84 838
84 2527
85 9908
85 1653
85 8587
85 2476
85 637
85 4893
86 2448
86 101
86 1005
86 479
87 114
87 1015
87 650
88 192
88 7264
88 1352
88 476
89 128
89 1091
89 1863
89 236
89 557
90 5844
90 2012
90 8686
91 848
91 483
91 430
92 218
92 556
92 7661
93 2320
93 2529
93 132
93 1556
93 184
93 665
93 937
93 1161
93 446
94 1856
94 274
94 307
94 4627
94 170
94 125
95 738
95 675
95 740
95 7175
95 1164
95 239
96 7954
96 309
96 5463
97 832
97 210
97 370
97 7970
97 1220
97 597
97 2869
97 6760
97 3725
98 226
98 2275
98 180
99 402
99 245
99 298
99 5725
99 735
100 449
100 1809
100 342
100 2142
101 971
101 9023
102 163
102 116
102 204
102 3421
102 270
103 7154
103 246
103 871
103 5642
103 4411
104 481
104 1046
104 2456
104 185
104 8521
104 492
104 3100
105 146
105 551
105 4520
105 489
105 106
105 842
105 1946
105 7003
105 7899
105 127
106 594
106 4292
106 3573
106 1852
107 7697
107 164
107 649
107 6223
108 337
108 1620
108 215
108 200
109 6724
109 327
109 952
109 286
109 1519
110 2500
111 1122
111 2071
111 1017
111 398
112 135
112 3896
112 2491
112 429
113 2944
113 8068
113 6791
113 265
113 8570
114 194
114 150
114 266
114 330
114 396
115 515
116 6194
116 570
116 762
116 814
116 6655
117 160
117 229
117 3482
117 5515
118 610
118 731
118 1277
119 3104
119 323
119 819
120 2585
121 500
121 329
121 123
121 252
122 8305
122 9873
122 4546
122 3222
122 328
122 700
123 247
123 267
124 6276
124 3829
124 141
125 512
125 4033
125 268
126 1649
126 1540
126 2100
126 206
126 462
127 320
127 416
127 5930
127 140
127 493
127 781
128 2625
128 4131
128 1460
128 1494
128 1895
128 2108
128 478
129 5064
129 5964
130 257
130 533
130 2590
131 400
131 1410
131 2594
131 997
131 454
131 2887
131 542
132 656
132 291
132 3812
132 3397
132 390
132 1545
132 4569
132 3228
132 509
132 9630
132 143
133 870
133 472
134 482
134 821
134 1205
134 1704
134 443
134 9003
135 7027
135 358
135 249
135 138
135 319
136 1378
136 691
136 1542
136 4295
136 281
136 139
136 2587
136 3996
137 1043
137 422
137 664
137 3802
138 385
138 1193
138 847
138 1135
139 1533
139 7823
140 3762
140 883
140 359
140 345
140 5865
140 2831
141 1218
141 6470
141 151
141 459
141 635
141 1548
141 2220
142 322
142 1860
142 618
143 275
143 4899
143 2702
143 463
144 7923
144 439
144 2439
144 312
144 574
145 147
145 7317
145 171
146 1730
146 3910
146 295
146 5129
146 1483
147 672
147 5653
147 168
147 1290
147 652
148 1266
148 198
148 1721
148 1163
149 3383
150 3603
150 228
150 1700
150 2779
150 621
150 6365
151 7200
151 340
151 3956
151 453
151 518
151 2828
151 9166
151 6159
151 7743
152 1123
152 196
152 347
153 289
153 371
153 506
153 1114
153 332
153 207
153 1151
153 2287
154 592
154 321
154 379
154 1435
155 354
155 2628
155 8517
155 1079
155 777
156 290
156 9142
156 1687
156 2062
156 2639
157 224
157 2176
158 1665
158 3763
158 1077
158 264
158 3048
158 283
159 417
159 2292
159 8646
159 3463
159 507
159 812
159 2175
160 1067
160 8715
160 3039
161 240
161 3540
161 392
161 222
162 640
162 4768
162 6416
162 450
162 2440
162 1066
162 2718
162 1375
162 7807
163 578
163 626
163 2450
163 408
163 9256
164 690
165 209
165 308
165 1286
165 1033
166 946
166 602
166 653
166 909
167 3105
168 4881
168 2264
168 6476
168 6415
168 7583
169 498
169 211
169 4869
169 3046
169 375
169 235
169 571
170 1059
170 4667
171 1969
171 5170
171 723
171 4582
171 855
171 2103
171 6425
171 2957
172 563
172 214
172 3769
172 795
173 564
173 596
173 1462
173 199
173 445
173 1678
174 3744
174 9424
174 433
174 258
174 4900
174 455
174 202
174 7853
175 2547
175 262
175 2182
175 8152
175 2379
175 4111
175 5599
176 4165
176 3431
176 4172
176 1406
176 5951
177 9234
177 1878
177 604
178 352
178 5424
178 8864
178 182
178 4198
179 1479
179 7642
179 2399
180 4113
180 4307
180 2571
180 6203
180 525
180 495
181 835
181 923
182 1104
182 6578
182 9205
182 188
182 1549
183 2754
183 739
183 343
183 984
183 2490
183 3851
183 3612
184 1018
184 4283
184 8319
186 227
187 722
187 3050
187 8220
187 973
187 4655
188 544
188 2515
188 1593
188 346
188 3007
189 467
189 5140
189 1141
189 9557
189 1191
189 1770
189 7035
189 5805
189 9837
190 216
190 568
190 314
190 9691
190 2445
191 208
191 2513
191 474
191 895
192 3088
192 1194
193 7235
193 2693
193 458
193 8652
194 2992
194 1603
194 1140
194 1188
194 407
194 9883
194 3709
195 1330
195 1670
195 425
195 8235
195 1198
195 1743
196 1382
196 4934
197 6849
197 706
198 1178
199 373
199 3132
200 7511
200 1209
200 284
200 508
201 2481
201 335
201 2687
202 7559
202 940
203 1337
204 1207
204 7354
205 513
205 5411
205 519
205 393
206 9409
206 6018
206 2308
206 549
206 567
206 1790
207 234
207 3130
207 2060
208 633
208 1230
210 2065
210 339
210 231
210 872
210 1288
210 233
210 970
210 1420
210 1343
211 1143
211 4684
211 3661
212 2768
212 505
212 9324
213 381
213 3183
214 282
214 1050
215 304
215 598
215 583
215 5404
215 5357
215 2734
215 6463
216 8230
217 1848
218 1394
218 426
218 2908
218 349
218 605
219 3898
219 4637
219 4239
220 2266
220 540
220 844
221 260
221 788
221 822
221 2316
221 223
222 1922
222 355
222 5092
222 1638
222 2284
223 1296
223 1908
223 713
223 250
223 4747
223 716
224 7779
224 4282
224 7982
225 849
225 2435
225 5555
225 413
226 561
226 1596
226 3279
227 293
227 1578
227 3070
228 5361
228 933
228 2294
228 2806
228 1591
228 411
229 1875
229 325
229 8010
229 718
230 4195
230 3146
230 8877
231 241
231 2637
231 1807
232 770
233 4206
234 901
234 7420
234 1055
235 1223
236 1344
236 4096
236 1068
236 654
237 577
237 261
237 2613
237 2553
237 1034
237 5502
238 420
238 331
239 817
239 936
239 3017
239 3754
239 2893
240 277
240 1221
240 5382
240 7847
241 9347
241 3655
241 601
241 1867
241 2315
242 3958
242 1481
243 3972
243 503
243 297
243 460
244 2495
245 276
245 4359
245 4061
245 271
246 5295
247 1814
247 4006
247 890
247 300
247 366
247 255
248 1363
248 7388
249 752
249 1184
249 785
249 2546
249 2196
249 487
250 2160
250 8065
250 2055
250 3839
251 931
251 8915
251 3044
251 1404
251 717
251 1389
252 1265
252 1029
252 3900
253 595
253 4007
253 334
254 5569
254 5127
255 9742
255 4415
256 448
256 2050
256 1075
256 922
257 850
257 387
257 8173
258 272
258 2227
258 1430
258 7723
259 401
260 8530
260 9145
260 315
260 3422
261 2244
261 4710
262 1897
262 8364
262 1165
262 3791
263 2066
263 3396
263 1101
264 484
264 1979
265 2661
265 5989
266 2483
266 423
267 6851
267 779
267 9071
268 451
268 1051
268 415
269 2106
269 590
269 3327
270 754
270 2964
270 778
271 353
271 2274
271 5138
271 4340
272 3190
272 365
273 4864
273 419
273 2612
273 3931
273 1196
274 5452
274 2237
274 5646
275 1284
276 1112
277 285
277 1327
278 2034
278 8018
278 3927
278 873
278 1801
278 7551
279 1056
279 5079
279 1225
279 4041
280 2775
280 5002
280 669
280 1102
280 687
281 917
281 537
282 8402
283 1349
283 2152
283 8699
284 2113
284 4161
284 7985
284 1939
284 4091
284 2255
285 1896
285 555
285 7387
286 1680
286 8284
287 9905
287 964
287 7783
287 730
287 829
287 1293
288 912
288 1799
288 648
288 541
289 324
289 2965
289 9160
289 1900
289 350
290 8816
290 2634
290 6650
290 1535
291 386
291 6516
291 5157
291 1115
292 1648
292 6436
292 5558
292 4120
293 800
293 2140
293 4959
294 6354
294 4075
294 1372
294 750
295 1586
295 6232
295 1037
296 645
296 1129
296 907
296 1134
297 866
297 1689
297 412
298 8654
299 2498
299 1467
299 6635
299 796
299 1965
300 593
300 674
300 311
300 888
300 969
301 406
301 733
302 4796
304 2436
304 617
304 698
304 1453
304 671
305 5296
305 1916
306 5445
307 336
307 642
307 5564
307 7263
308 852
308 6127
309 4993
310 1779
310 380
311 434
311 6932
311 5401
311 6633
311 5819
311 444
311 1183
312 1909
312 313
312 2958
313 477
313 2157
314 636
315 801
315 967
315 9047
315 8460
316 1109
316 5708
317 1444
317 7141
317 8105
318 528
318 824
318 4925
318 1342
318 1742
319 897
319 4369
319 388
319 543
320 5842
320 1635
320 1530
321 2093
321 6414
322 4179
322 632
322 573
323 1925
323 3333
323 3177
323 5213
323 367
324 6920
325 442
325 1725
326 4046
327 4849
327 692
327 7830
327 793
327 2329
328 8923
328 383
329 2018
329 2259
329 1476
329 5039
330 612
330 4580
331 5191
332 7747
332 469
332 742
333 491
333 3339
334 7497
334 4043
334 2526
335 724
335 3878
335 6311
335 521
335 1370
335 9277
335 686
336 5346
336 1373
337 6437
337 5719
337 2281
337 3373
338 2282
338 5277
339 369
339 689
339 7649
339 2102
339 3305
339 6494
339 1551
340 721
340 2924
340 3213
341 944
341 1857
342 5156
342 2584
342 924
343 600
343 2206
343 703
343 4607
344 771
344 1667
345 2258
345 1013
345 6332
346 389
346 348
347 1876
347 2782
348 2737
348 403
349 435
349 2388
349 397
350 697
350 427
350 1499
351 6562
351 9523
351 4249
352 3671
353 1094
353 5433
353 7355
354 1186
355 3250
355 3977
355 2941
356 437
357 5392
357 1651
357 378
357 863
358 837
358 2700
358 655
359 9241
360 1510
360 394
360 6175
361 2290
361 651
361 2461
362 670
363 529
363 5779
363 1732
363 517
363 9646
364 7718
365 8995
365 405
365 2038
365 410
365 2107
366 2022
366 3238
366 3481
367 535
367 1098
367 2234
368 496
368 4116
369 3378
370 2675
371 3905
371 661
371 456
371 3946
371 511
373 1508
373 534
373 2392
373 926
373 1054
374 644
374 8666
375 7538
375 3061
375 1350
375 766
375 1007
376 4944
376 1138
376 1619
376 7062
377 8443
378 530
378 818
378 2946
378 3926
378 473
379 2004
379 2671
380 3095
380 2218
380 957
381 4080
381 514
381 421
381 3979
381 5790
381 1199
382 1267
383 2755
383 3003
383 3755
383 8747
383 797
384 560
384 1251
384 2980
384 3476
384 5949
385 1031
385 2015
386 747
386 684
387 896
387 9765
387 841
387 8573
388 6218
388 2892
388 1837
389 3361
389 3970
389 452
389 8007
390 2579
390 3832
391 4368
391 4510
392 3760
393 2569
393 1325
394 1169
394 1108
394 631
394 999
396 960
396 581
397 720
397 3106
397 2595
397 695
397 3403
397 5419
397 526
398 1633
398 2726
398 9799
399 5764
399 1126
399 2681
399 783
400 1172
400 1048
400 522
400 1706
400 2236
400 8382
400 4463
401 404
401 2645
401 1419
401 8731
402 7057
402 1469
402 575
403 4817
403 9809
403 3859
403 1240
403 1723
404 995
404 629
404 5899
404 1630
405 5876
405 470
405 4458
405 6876
406 1874
406 5045
406 616
406 6952
406 1534
407 531
407 3211
407 2317
408 2098
408 3204
408 9828
408 725
409 5249
409 6226
409 1942
409 6923
409 2572
409 1517
410 929
410 9091
410 3028
410 1658
410 2538
411 516
411 857
411 1100
412 1008
412 833
412 2963
412 3124
413 9382
413 9511
413 3625
414 7339
414 1980
414 1903
415 586
416 3633
416 2468
416 1449
416 3564
416 2351
417 6305
417 2025
417 524
417 2621
418 1032
418 2974
419 1588
419 8663
419 1885
420 5250
420 431
421 5008
421 625
421 2561
421 1219
421 6532
421 614
421 712
421 749
421 734
422 628
422 1096
422 1532
422 1564
422 1887
422 8751
423 548
423 9530
423 1133
424 1320
425 5517
426 1427
426 4355
426 3830
426 2875
427 1248
427 1569
427 7540
427 2829
427 879
427 2543
428 1971
429 4034
429 5446
429 7095
429 2189
430 552
430 3416
430 553
430 3353
430 1386
431 6103
432 5229
432 894
432 1390
433 2993
433 1954
433 5001
433 5371
434 2369
434 6109
434 990
435 4272
436 2084
436 588
436 4028
437 1673
437 1082
437 1357
438 2373
438 1741
439 1155
439 3940
439 679
439 2057
440 1200
440 1329
440 805
440 1414
440 2566
440 8138
440 2079
441 1841
441 1158
442 545
443 2387
443 2040
443 8569
444 4708
444 7703
445 1120
445 673
445 6469
445 1131
446 5030
446 589
446 3295
447 490
447 846
448 1720
448 9928
449 5145
450 480
450 1249
450 1796
450 1606
450 1256
450 905
450 591
450 8191
451 5985
451 9041
451 775
451 2728
451 4060
452 8741
453 9627
453 2895
454 3219
454 1316
454 3765
454 3212
455 565
455 1663
456 6445
456 7999
457 1026
457 1513
457 1182
458 4594
458 6661
458 1258
458 3949
458 7437
459 7250
459 1366
459 3494
459 3658
460 497
460 2497
460 707
460 8659
460 1892
460 2870
460 3288
460 2349
461 880
461 4343
461 1641
462 9218
462 475
462 751
463 8338
463 851
463 825
463 4810
465 704
465 961
465 485
465 858
465 3483
466 2288
466 3151
467 976
467 6545
467 502
467 2666
467 1772
467 4222
468 8351
470 4150
471 2627
471 613
471 4585
471 1391
471 2415
471 3647
472 1446
472 1263
473 3251
473 4003
473 3452
474 7825
474 1317
474 3450
474 1039
475 2352
475 786
475 2099
475 1621
476 3191
476 1500
476 3565
477 5843
477 2710
477 3513
477 3644
478 831
479 624
479 1955
479 7622
479 622
480 919
480 488
480 6424
480 7484
480 527
481 3504
482 641
482 951
483 930
483 1235
483 5476
483 9975
483 4938
484 2159
485 823
485 729
485 2333
486 1697
486 2938
486 6971
487 1761
487 3258
488 554
488 892
488 972
489 6768
489 1062
489 2070
489 1738
489 7643
490 769
490 865
490 891
490 5355
490 9036
491 868
492 546
492 523
493 1121
494 7025
494 9653
494 634
494 3179
495 8845
495 9359
497 1216
497 5186
498 1858
498 6580
498 757
498 3717
498 2059
498 2619
498 8668
499 6465
499 6710
499 3256
499 3742
500 816
500 532
500 6934
500 3503
501 1238
502 7618
502 1269
502 2261
502 6910
503 8493
503 1695
504 1393
505 1144
505 1071
505 2559
506 6107
506 8924
507 3616
507 708
507 7434
507 1421
507 1583
508 9520
508 4374
508 1962
508 2300
508 3756
509 1282
509 6989
510 5460
510 1527
511 4788
511 1097
511 3418
512 2626
512 5081
513 3554
513 547
513 1416
513 2985
513 719
514 1241
514 5130
514 9311
515 5696
515 1921
515 5202
515 1463
516 3862
516 5318
517 1536
517 579
517 782
518 8214
518 9692
518 559
519 1036
520 1204
521 1328
521 1297
521 5731
521 809
521 1951
522 676
522 2676
523 2534
523 1273
523 9308
524 1824
524 776
524 927
525 7744
525 7179
525 4492
526 3141
526 668
526 2638
526 4318
527 8149
528 2226
528 1945
528 8315
528 607
529 928
529 1088
529 1891
530 8081
530 802
530 6613
530 5806
531 3267
531 1333
531 558
532 1538
532 2933
532 8406
533 5312
533 1571
533 1861
534 5093
535 9081
535 9231
536 827
536 2765
537 8980
537 1865
537 1275
537 6751
538 2994
538 6178
538 8836
538 1992
539 576
539 6000
539 1346
539 2087
539 6487
539 8631
539 3259
539 2125
539 1823
540 2425
540 1614
540 2767
541 7312
541 3825
541 1099
541 1455
542 3909
542 3928
542 1977
543 7810
543 744
543 1675
543 5340
543 4973
544 2309
544 5839
545 2804
546 714
547 1917
548 3323
549 7676
550 566
550 4662
551 7476
551 7077
551 1242
552 705
552 834
552 743
552 845
553 1702
553 3591
554 1589
554 8711
554 9015
554 956
554 9884
555 2088
555 4921
555 4186
555 5179
555 1550
556 6534
558 7701
558 4887
558 3579
558 3646
558 1775
559 1804
559 2719
559 5807
560 1281
561 758
561 6759
562 1090
562 693
562 1783
562 5097
562 9017
562 764
563 3059
563 603
563 939
564 1312
564 5408
564 1058
564 615
564 667
565 4834
565 2478
566 2821
566 6230
566 682
566 1274
566 1566
567 709
567 1434
567 4475
567 9995
567 6013
567 5087
568 2246
568 2541
568 5885
568 974
569 904
569 587
569 5055
570 1904
570 9088
570 791
571 4444
571 7854
572 913
572 986
572 3325
573 774
574 787
574 1541
574 582
575 611
575 1973
575 2535
575 9143
576 4929
576 1222
576 1255
576 799
576 4911
578 1041
578 1313
578 3091
578 1276
579 1069
581 2660
581 2085
581 2539
581 1020
581 7487
582 6318
583 699
583 639
584 6322
584 9346
584 5605
584 7445
584 1735
584 1497
584 1563
584 9068
585 947
586 1570
586 2690
587 2532
587 4583
587 9480
587 623
588 608
588 1208
588 7688
589 7921
589 1065
589 1866
589 2509
590 1989
590 2043
590 3550
591 1315
591 2789
591 1662
591 5838
592 609
592 1045
592 2054
592 968
592 4589
593 3479
593 620
594 2286
595 5878
595 8971
595 5789
595 2366
596 1862
596 748
597 2955
597 2623
598 1413
598 1287
598 860
599 3092
599 1085
600 2732
601 1907
601 1705
602 1360
602 3976
603 1365
603 8697
604 1506
604 916
604 5834
604 7277
605 677
605 1368
607 2154
608 2162
608 630
608 7405
609 1044
609 2951
609 3672
610 4548
610 2197
610 727
610 1912
610 6249
611 1826
611 948
611 2139
611 2203
612 5272
612 8201
612 975
613 2200
613 2655
614 875
614 3291
614 6060
615 994
615 8707
615 9237
616 3042
616 1011
616 1459
616 696
616 685
616 4653
617 1010
617 3778
617 942
618 1105
618 4058
618 9195
618 7806
618 5615
619 7028
619 8436
620 4692
620 4037
620 5526
620 2714
621 688
621 2097
622 3184
622 5474
622 1206
622 1468
623 789
623 1559
623 1278
624 900
624 6025
625 2460
625 1197
626 8288
627 8256
627 4375
627 7160
627 1145
627 2078
627 6046
628 1014
629 6448
629 647
629 1226
629 6859
630 1632
630 658
630 8166
631 2144
631 5977
631 2842
632 4339
632 5734
632 7965
633 881
633 680
633 987
634 3697
634 1190
634 2567
634 1529
634 878
634 1167
635 6712
636 5121
636 6642
636 3016
637 840
637 3337
638 6977
639 1283
639 5158
639 1304
639 9645
640 2609
640 2009
640 6091
640 2684
641 911
642 3488
642 8768
642 1073
642 3188
642 7189
643 2537
643 1279
644 3346
644 3785
645 1009
645 1747
645 6505
645 1582
646 981
646 1959
646 1757
646 1423
647 1185
647 1159
647 9933
648 2339
648 9651
648 5737
648 4634
648 1214
649 3668
649 1006
650 1771
651 6651
651 1004
652 741
652 2007
652 3000
653 1170
653 2156
653 4044
654 8458
654 2862
655 1345
655 1988
655 2565
655 2073
655 5709
656 3456
656 4059
657 3313
657 3743
658 5602
658 1028
658 7034
658 8078
659 899
659 9575
660 2531
661 1295
662 4803
662 711
662 745
662 4767
664 4518
665 3057
665 1755
667 1280
668 2695
668 859
669 1984
669 1189
669 1150
670 1224
670 3054
671 2603
671 2479
672 5635
672 1575
672 3834
672 3375
673 9475
673 7764
673 1093
673 765
674 1433
674 1722
674 6703
675 1442
676 1341
677 6921
677 1580
678 806
678 1558
678 1432
678 8009
678 1308
679 8962
679 4551
679 1560
679 3768
679 2667
680 1060
680 4213
680 5557
680 8519
681 683
682 1846
682 9414
682 876
682 1231
683 2214
683 8486
683 6671
684 1270
684 1692
685 2850
685 1061
685 1083
686 1760
686 2854
686 1023
687 3621
687 1174
688 736
688 3332
688 732
689 1970
689 1203
689 2856
689 5004
690 914
690 726
690 874
691 1396
691 9814
691 2008
691 1436
691 1644
691 7438
692 1379
692 861
692 7310
693 1057
693 1233
693 1602
693 7619
693 853
693 3660
693 1454
694 5761
694 2484
695 962
695 2293
695 2222
696 2610
696 2185
696 6329
696 9211
697 9729
697 2280
697 1657
697 4508
698 9710
699 9641
700 3349
700 1081
700 6527
701 2083
701 1381
701 8286
702 3959
704 2248
704 1084
705 8272
705 8680
705 763
705 8831
706 5780
706 4534
706 839
707 3587
707 8263
707 5149
708 9012
708 843
708 2812
709 1027
709 2979
709 996
709 4694
709 794
709 1853
710 3726
711 2770
712 2512
712 755
713 3280
713 5248
713 6007
713 8903
714 3024
714 4609
714 869
714 8441
715 4130
715 3380
715 3245
715 1247
716 1471
717 1491
717 856
717 2872
717 1645
718 6150
719 1086
720 1125
721 4029
721 5167
722 2323
722 4532
723 1156
723 810
723 811
723 1803
724 1625
724 5402
725 8657
725 1484
725 3836
726 836
726 887
727 915
727 808
727 761
727 828
727 3501
727 3790
728 7056
728 6073
729 2506
729 2283
729 4879
730 759
730 7502
732 820
732 2557
732 7101
733 9952
733 8504
733 1402
734 8803
734 4107
735 2832
735 2785
735 4497
735 889
735 3978
735 1387
735 2267
737 4196
737 6686
737 6750
738 3954
738 4451
740 2934
741 784
741 4405
741 4636
742 1047
742 4042
742 1871
744 920
744 954
744 1679
745 1362
745 9467
746 2984
746 1465
747 1409
747 1604
747 9254
747 7575
747 2029
748 3377
748 2213
748 4526
749 8949
749 2599
749 4094
750 6676
751 8482
751 1301
751 4617
752 885
752 1893
753 2433
753 2691
754 1816
754 1321
754 1869
754 2318
755 3273
755 3689
755 7119
756 966
756 1334
757 978
757 893
757 2813
757 5007
758 2400
758 4051
758 7913
758 6877
759 1882
759 3930
759 780
759 9916
760 3699
760 965
760 2510
763 4640
763 2345
763 4682
763 3196
765 3436
765 4126
766 1516
767 8928
767 2163
767 1012
767 1332
767 2198
767 1355
768 1941
768 7919
769 2482
769 826
769 2444
770 1364
770 7772
771 2845
772 6009
773 898
773 2091
774 5329
774 8804
774 9556
774 6174
775 993
776 3025
776 8419
776 980
776 8613
776 1000
776 1128
776 798
777 1870
777 3662
779 8515
779 1574
779 6634
780 3200
780 6789
780 7258
782 983
782 2520
782 2235
782 9631
784 1076
784 2885
784 1415
784 2158
785 2865
785 921
785 1690
787 4132
787 2522
787 4940
788 3555
789 3569
789 2983
789 7928
789 3626
790 2228
790 6281
791 3844
791 1180
792 1504
792 5746
792 4197
792 902
792 7756
793 8832
794 2353
794 3654
794 9910
794 1647
795 1759
796 8326
797 2451
797 1412
797 2597
797 1627
798 7931
798 1613
799 1042
799 2472
800 6160
800 1777
800 2524
801 1629
802 2069
802 1353
802 2396
803 1911
803 1261
804 1228
805 1136
805 4112
805 1793
805 7576
805 1405
806 2215
806 1961
806 4073
806 2110
807 2961
808 5323
809 992
809 2897
810 3220
810 1835
810 4829
811 1617
811 2505
811 7452
812 6707
812 5257
812 6412
812 3934
813 2935
813 1754
813 1914
813 958
814 1348
815 1107
815 6021
817 6214
817 4031
818 7730
818 4531
818 1844
819 4630
819 2090
820 7873
820 3078
820 1726
820 2398
821 4387
821 9479
821 2186
821 3035
822 5302
822 4556
822 862
824 2368
824 6616
824 5069
825 1577
825 1929
825 1215
825 3247
826 4327
826 3274
826 5420
827 4293
828 9443
828 5624
828 1113
829 5812
829 5462
829 7851
830 1458
830 7353
830 4748
830 877
831 6805
831 1127
831 1736
832 2688
832 3156
832 3508
832 950
833 7249
833 6708
833 1016
833 8764
833 1087
833 3887
833 5359
834 1262
835 9878
836 4628
836 4332
837 998
837 2123
837 6909
838 2355
838 8038
838 2407
839 4480
839 3114
840 8739
841 5745
842 9538
843 2816
843 5428
843 1466
843 1898
843 4539
843 3230
844 3732
844 5415
845 1905
845 7802
846 1369
847 864
847 1080
847 4749
847 5853
847 7181
848 2166
849 2048
850 2563
850 4248
850 2170
851 5098
851 1933
851 2591
852 1552
852 2416
852 7373
852 8415
853 5570
853 4515
853 9062
853 4365
854 4514
854 5563
854 908
855 6912
855 6100
855 1451
855 3437
856 5101
856 3374
857 2640
857 4576
857 867
857 1701
857 6200
857 6171
859 8480
859 963
859 3908
859 7479
860 8043
860 3532
861 1187
861 1210
862 1699
862 9693
862 2446
862 1103
864 934
864 6808
864 3849
864 3260
865 1496
866 4336
866 6787
867 1078
867 6061
867 6685
867 2462
867 3263
869 932
869 5256
869 3119
870 7963
870 3951
871 1001
871 1049
871 1022
871 1598
872 1192
873 2896
873 1089
873 4622
873 5438
874 2167
874 3758
875 1684
875 7369
876 6771
876 7699
876 2037
877 4265
879 3665
879 5729
879 6254
880 6483
881 1936
881 3318
881 2010
882 2521
882 6122
882 2347
883 2149
883 3453
883 7549
884 1376
884 6316
885 7138
885 4756
885 2533
885 4366
886 1567
887 3224
887 1322
888 9184
888 2725
889 1830
889 1239
889 4455
889 3469
890 6328
891 6256
891 7541
892 3975
892 1003
892 1948
893 4157
893 991
894 1111
894 5006
894 6350
895 8027
897 1072
897 4644
897 9356
898 1285
898 7177
899 2116
900 935
900 938
901 4048
901 8809
901 1902
901 3071
902 6550
902 1162
902 1562
903 1654
903 2430
904 5141
904 1384
904 1289
905 8858
906 2023
906 2731
907 1202
907 6345
907 7710
907 2367
908 2096
908 6002
909 3317
909 9399
909 1963
910 5299
910 1407
911 3993
912 4485
912 7085
912 1374
913 1873
913 2465
913 2833
913 6658
913 9010
913 9386
914 1118
914 1694
914 1599
915 2324
915 3989
915 2857
916 2848
916 3152
916 1855
916 2207
919 989
920 6417
920 1252
920 5717
920 7637
920 2583
920 4554
920 1565
920 4477
921 8468
921 1797
922 4545
922 1502
923 1568
923 7927
924 2978
924 2777
924 7036
925 1137
925 1976
926 3320
926 943
927 5953
929 7290
930 1986
930 4243
930 5626
930 2668
930 4156
930 6749
931 2089
931 1052
931 959
932 9123
933 2947
934 2997
934 2697
934 4476
934 9661
935 977
935 1537
935 949
936 2394
936 4428
937 2337
937 3746
937 6754
937 1124
937 1531
938 3344
938 2596
938 3144
938 1305
938 3753
938 6938
939 8150
940 6304
940 8416
940 1074
940 1171
940 3192
940 2717
941 1881
941 6701
941 2126
942 5794
942 3381
942 4103
942 1181
943 1787
944 2578
944 3597
945 1485
945 8750
946 1302
946 2422
946 2635
946 1021
947 6679
947 2408
948 1682
948 5479
948 4939
950 1473
950 1698
950 8583
950 2457
951 1746
951 4442
952 5923
952 5444
952 1493
952 8842
953 3648
954 2720
954 2689
954 1572
954 982
955 9429
956 5201
957 2328
957 7212
958 7633
958 8118
959 1573
959 1400
959 3484
959 5534
960 3371
960 3055
961 1154
961 2759
961 1806
962 1474
962 6972
963 1827
963 6563
963 4566
963 3819
964 985
965 1668
965 2397
965 2334
966 5938
966 7464
967 8265
969 3138
969 8615
969 1789
969 8622
969 5535
970 2177
970 2881
970 1975
970 988
971 1539
971 5316
972 7424
974 1152
974 9911
974 4521
975 1505
975 8145
975 1993
975 4009
975 7531
976 9398
976 6457
976 2365
977 2514
977 7039
978 4208
978 9442
978 7524
978 1883
979 4453
979 3242
980 7347
980 3511
980 4731
981 1195
982 2211
982 1703
982 1528
982 3084
983 7024
983 2420
984 3992
985 1429
986 2135
987 1024
987 3133
988 3731
988 1243
988 2363
989 3110
989 3622
989 1095
990 6702
991 1030
992 3440
993 1557
993 2588
993 5228
994 2340
995 1119
996 4183
996 5048
997 1040
997 8309
997 3560
998 1686
998 8475
998 4236
998 7359
999 3570
999 4316
999 4110
999 8158
999 6815
1000 3395
1001 3073
1002 9569
1002 5049
1003 1864
1003 5672
1004 3527
1005 2642
1005 9445
1005 5869
1006 7792
1006 1175
1006 2039
1006 1417
1007 1303
1007 4670
1008 1166
1009 2548
1009 1245
1011 3585
1012 1424
1012 4800
1012 2855
1012 2120
1012 7770
1012 1259
1012 1899
1012 4991
1012 7199
1013 2593
1013 2003
1013 1177
1014 3270
1014 1498
1015 1691
1016 6339
1016 3462
1016 5271
1016 3101
1017 1587
1017 8107
1018 2736
1019 1490
1019 6242
1020 3872
1020 9249
1020 1298
1020 4402
1020 4324
1021 2390
1021 3277
1023 3545
1024 5088
1024 2920
1024 7578
1024 1227
1025 1426
1025 2707
1025 8102
1026 3893
1026 5720
1026 8425
1026 5308
1026 5405
1026 9583
1027 1139
1027 1092
1027 8900
1027 4117
1027 2670
1028 1217
1029 1425
1029 4372
1029 1431
1029 1850
1030 5793
1030 6012
1033 3833
1033 2602
1033 9403
1033 1070
1034 2487
1034 4537
1037 4464
1037 7335
1037 1116
1037 1213
1037 1294
1038 2192
1038 1812
1038 2302
1039 3233
1040 3955
1040 2860
1040 4014
1041 4404
1041 3528
1041 3739
1042 4001
1043 1514
1046 1938
1046 5399
1047 1731
1047 2851
1047 1257
1047 7134
1048 9188
1048 1146
1048 5738
1048 2285
1050 2021
1050 1176
1050 2618
1051 3582
1051 2223
1052 1160
1053 4286
1054 3010
1054 3892
1054 1461
1055 2291
1055 1478
1055 8488
1055 5597
1056 7491
1056 2327
1057 4951
1057 2874
1058 6933
1058 1448
1058 1117
1059 4915
1059 3636
1059 1237
1059 2793
1059 3005
1060 4277
1061 1168
1061 3392
1061 7414
1061 3706
1061 7406
1062 2105
1062 1229
1062 4878
1065 5905
1065 2575
1066 1894
1066 3014
1067 1157
1067 1335
1067 1359
1068 3221
1068 9450
1068 1148
1071 1234
1071 2263
1073 9321
1074 1872
1074 6943
1075 3523
1075 1943
1076 5650
1076 4998
1076 5337
1076 5594
1077 2780
1078 3574
1078 1132
1078 9932
1079 1392
1079 1521
1079 7322
1080 7228
1081 2805
1081 2826
1081 2622
1082 7008
1082 3686
1082 5226
1083 2929
1084 4288
1084 1636
1084 9509
1085 1254
1085 2907
1087 1509
1087 5240
1087 2766
1089 3362
1089 4550
1089 1610
1090 7248
1090 6277
1090 2982
1091 4119
1091 1737
1091 2473
1091 1147
1092 6005
1092 2358
1093 2745
1093 2652
1094 5747
1095 5033
1096 5268
1097 5413
1097 1719
1097 6653
1097 6670
1098 1106
1099 1712
1100 3079
1100 1544
1100 9756
1101 1854
1102 1300
1103 3957
1103 5317
1103 7349
1103 1576
1103 2041
1103 1403
1103 1676
1104 3850
1105 3797
1106 4626
1106 1607
1108 2321
1108 9521
1108 7635
1108 2564
1108 2711
1109 3248
1109 1915
1110 1428
1110 3670
1112 3140
1112 4791
1112 5944
1112 2458
1112 7565
1112 3886
1114 2174
1116 3875
1116 9381
1116 8990
1117 1383
1117 1212
1119 5754
1120 4892
1120 6559
1121 2818
1121 6962
1121 2499
1121 3018
1123 2231
1123 3399
1123 4280
1124 4000
1124 5888
1124 9268
1124 2748
1124 5742
1124 2031
1125 9223
1125 6284
1125 9230
1126 1840
1126 9510
1127 1696
1127 2658
1128 5095
1128 5225
1128 1179
1128 5341
1128 3935
1129 1264
1129 2659
1129 1452
1129 5598
1132 8403
1132 3002
1132 1326
1133 2002
1133 1590
1133 3770
1133 1211
1133 5326
1134 1377
1134 2212
1136 8634
1136 4189
1137 9665
1137 1339
1139 2245
1139 2169
1139 2361
1140 8401
1140 5527
1141 3271
1141 1960
1141 1515
1141 8239
1142 4273
1142 8194
1142 2970
1142 3466
1142 6716
1142 7900
1143 1512
1143 1418
1145 4200
1145 2202
1146 3460
1146 1639
1146 1272
1146 1323
1146 1868
1146 4783
1147 3409
1147 7253
1147 1354
1147 7117
1149 2834
1149 1758
1151 3811
1152 5024
1152 2852
1153 7079
1153 5645
1154 6565
1155 7977
1156 6020
1156 3085
1156 4941
1157 4660
1158 1749
1159 1817
1160 2672
1161 7393
1162 1655
1162 1244
1162 3677
1163 1201
1163 2045
1164 5416
1164 7582
1165 2130
1165 5987
1165 1717
1165 3446
1166 6086
1166 2395
1167 2455
1167 3199
1168 6519
1168 7708
1169 3131
1169 1246
1170 2630
1170 1518
1170 4159
1171 4886
1171 1336
1171 1707
1172 4577
1172 1299
1172 7604
1172 8184
1173 1480
1173 2811
1174 2053
1174 1470
1175 1985
1175 4498
1175 5253
1175 4711
1175 1595
1175 6799
1176 3171
1176 6373
1177 1972
1177 4279
1177 1626
1178 3150
1179 6220
1180 8227
1181 5728
1181 4133
1182 4134
1182 4858
1183 6490
1184 2568
1185 1664
1185 7602
1185 1940
1185 8664
1186 8144
1187 1232
1187 1356
1188 4322
1188 1756
1189 3701
1189 2966
1189 2616
1189 3225
1190 3581
1191 8136
1191 5933
1192 4945
1192 6739
1192 1371
1192 1836
1193 3680
1193 8713
1194 1924
1194 5351
1194 2412
1195 1584
1195 1268
1195 7831
1195 2269
1195 6063
1196 4097
1196 4373
1196 2554
1196 4987
1197 2359
1198 1748
1198 1786
1198 6523
1198 3116
1198 1998
1199 1778
1199 4709
1199 3175
1199 2427
1199 7323
1200 6692
1200 5607
1200 1338
1200 1358
1201 1724
1201 2653
1203 5068
1204 3155
1205 4069
1205 3994
1206 2485
1206 2362
1206 6143
1207 3030
1207 6862
1208 1361
1209 9297
1209 3794
1209 2614
1210 2086
1210 2188
1211 7451
1212 1507
1212 1930
1212 5996
1212 2109
1212 8125
1212 9517
1213 5995
1214 2914
1214 2325
1214 2709
1214 4310
1214 1996
1214 3708
1215 1385
1216 5802
1217 6426
1218 4209
1218 5880
1219 4544
1219 8688
1220 9222
1220 3608
1221 5808
1221 1445
1221 3391
1222 4784
1222 1482
1223 8161
1223 3165
1223 2382
1224 1457
1224 1785
1224 6554
1225 1831
1225 9255
1228 3602
1228 6387
1228 2026
1229 9735
1229 9866
1229 1611
1229 3004
1230 2536
1231 2209
1231 9111
1232 3137
1232 2332
1233 2145
1233 3690
1234 2148
1234 6965
1234 8735
1235 8151
1235 4555
1235 3917
1236 3637
1236 6410
1237 1880
1238 7283
1238 8550
1238 4908
1238 1615
1240 4763
1240 4701
1241 2001
1241 2082
1241 7097
1242 4880
1242 7060
1242 5703
1242 1934
1243 4827
1243 1486
1243 1918
1244 4540
1246 3524
1246 8853
1247 1324
1248 1585
1248 5829
1249 3107
1249 1592
1250 2910
1250 5134
1252 3360
1252 6129
1252 5288
1252 6985
1253 7820
1253 3198
1254 7447
1255 3063
1255 4588
1257 5984
1258 7936
1258 3303
1258 4703
1258 4927
1259 4166
1259 5862
1260 1475
1260 4101
1260 1740
1260 5854
1261 1310
1262 4672
1263 1842
1263 1833
1263 9789
1264 1522
1264 2467
1264 1543
1264 6188
1264 3103
1265 4229
1265 2295
1265 2633
1265 2238
1266 2305
1266 3749
1266 6029
1267 4401
1268 1763
1268 5091
1268 1594
1268 6106
1269 1456
1269 3043
1270 1877
1270 3943
1270 9291
1271 5283
1271 3854
1272 1685
1272 2138
1272 1709
1272 2221
1273 7219
1273 4596
1273 8204
1275 4081
1275 1351
1275 8503
1276 1340
1276 5966
1277 8228
1277 1547
1277 7755
1278 5814
1278 6587
1280 1347
1280 2598
1281 4612
1281 1637
1281 1292
1282 1437
1283 3237
1283 1447
1283 1913
1283 1311
1284 7989
1286 4968
1287 5798
1287 5230
1288 2976
1288 5509
1288 6567
1289 2617
1289 4459
1289 9852
1289 8605
1290 1618
1290 6803
1290 1990
1290 1307
1290 2799
1291 6929
1291 7156
1291 8709
1291 7070
1292 1314
1292 6579
1292 3180
1292 8988
1293 2052
1293 8823
1294 2180
1294 2006
1294 1399
1294 9159
1294 1839
1295 3632
1295 3857
1296 2195
1296 8660
1296 1401
1297 8195
1298 6530
1299 3738
1300 2683
1300 3275
1303 3388
1303 6382
1304 3719
1304 5976
1304 1739
1305 2276
1305 2888
1305 8077
1306 3544
1306 7352
1307 1788
1307 2190
1308 6213
1308 5500
1308 3390
1309 5824
1310 2129
1310 1523
1310 2376
1310 9183
1311 4032
1311 2423
1311 9099
1312 5936
1312 1745
1312 8179
1312 9395
1314 1825
1314 6858
1315 3347
1315 3108
1315 4600
1316 5216
1316 6385
1316 1511
1316 3807
1317 2371
1317 7896
1317 4489
1317 1422
1317 7391
1318 1859
1318 4347
1318 2044
1319 1443
1319 9829
1319 4854
1319 1711
1320 3543
1322 2443
1323 8340
1326 4212
1326 1367
1326 3069
1327 4976
1327 9859
1327 1656
1328 5328
1328 2101
1329 4705
1329 7589
1329 1546
1329 6011
1331 3514
1333 2917
1334 2819
1334 7135
1335 1987
1336 3127
1337 4977
1338 1733
1338 9590
1338 1623
1339 2632
1339 3611
1340 8676
1340 9180
1340 6317
1341 6611
1341 2118
1341 3111
1342 3419
1344 4597
1345 4852
1345 7492
1346 3952
1346 2401
1346 2803
1346 8411
1346 3789
1346 3885
1347 3265
1349 2608
1349 4608
1349 1634
1349 1674
1349 4730
1350 8578
1350 9529
1350 2797
1351 3474
1351 2453
1351 3837
1352 2178
1352 5591
1353 1910
1355 1605
1355 8245
1357 4019
1358 3842
1358 5544
1359 8523
1360 5187
1361 5587
1361 2171
1362 2383
1363 5795
1363 4732
1365 3208
1365 2442
1365 2795
1365 3740
1366 1411
1366 5046
1366 1949
1367 3217
1368 2341
1368 4341
1368 3640
1369 1524
1369 1477
1370 2517
1370 7560
1370 3209
1370 7116
1373 1608
1374 6245
1374 2550
1374 1822
1375 7121
1375 7185
1375 6004
1375 7163
1378 2738
1378 5379
1378 3240
1379 3973
1381 2411
1381 9579
1382 1884
1382 2268
1382 7662
1383 3472
1383 2181
1383 1622
1384 1398
1384 7386
1385 5992
1386 9835
1387 7194
1388 7287
1388 2555
1388 1487
1388 2239
1389 6879
1390 4512
1390 1441
1390 5804
1390 6351
1391 9368
1391 1982
1391 3918
1392 3882
1393 1715
1394 2925
1395 5207
1395 2030
1396 7398
1396 9543
1397 6438
1398 1489
1398 1798
1398 2312
1400 9136
1400 2545
1400 1879
1400 5338
1401 1616
1401 2769
1402 3617
1402 3443
1402 3800
1402 7103
1403 3384
1405 1464
1406 1997
1408 2656
1408 6693
1408 9546
1409 1888
1409 2742
1409 3535
1411 4141
1412 1927
1413 9029
1413 6441
1415 9348
1416 7220
1416 5125
1416 1495
1417 6323
1417 6555
1417 3359
1418 1450
1418 1579
1419 1683
1419 3125
1419 4693
1420 2715
1421 3960
1421 7112
1421 3455
1422 6589
1423 5160
1423 2556
1423 2685
1424 6823
1424 2943
1425 2241
1425 1810
1425 5611
1426 2762
1427 9649
1427 1581
1427 2911
1428 9052
1429 1646
1430 2256
1430 4148
1430 4542
1431 4230
1431 4713
1432 1553
1432 8548
1433 5818
1433 3164
1434 8997
1434 2410
1435 2787
1435 5604
1436 7333
1437 1845
1437 3493
1437 1995
1437 9115
1437 3308
1440 1762
1440 2827
1441 9139
1442 3938
1442 3161
1443 7822
1444 4466
1444 3891
1444 2471
1444 1931
1444 7325
1445 4808
1446 5750
1447 2229
1449 4173
1450 2654
1451 3316
1451 9334
1451 4535
1451 7608
1452 2953
1453 5538
1453 2134
1453 5209
1454 8146
1454 6515
1454 2605
1455 8848
1457 4923
1457 4894
1458 2960
1460 1838
1461 2930
1463 6065
1463 5372
1464 3178
1464 9759
1466 4434
1466 3653
1468 4269
1468 9949
1469 1781
1469 3045
1469 9210
1470 2304
1470 7344
1471 7520
1472 6825
1473 2306
1473 3033
1474 1713
1474 9554
1474 4874
1474 2028
1475 5161
1476 9333
1476 2890
1477 7640
1477 7996
1479 1681
1479 2289
1479 5799
1480 5015
1480 6535
1481 4456
1481 1612
1481 1710
1482 4954
1483 1688
1485 2959
1486 3445
1486 2518
1486 4088
1487 2418
1488 2560
1488 1554
1488 3561
1488 9021
1489 8187
1490 3716
1490 2165
1490 6246
1491 3623
1491 8571
1492 2243
1492 4437
1492 9702
1493 6850
1493 7030
1493 8617
1495 4468
1495 1765
1495 2061
1495 1774
1495 1999
1496 1792
1496 3968
1496 1847
1496 4620
1496 1677
1497 1640
1497 1643
1498 2800
1498 1926
1498 3336
1498 4234
1499 1944
1500 2551
1500 3306
1501 8062
1502 4736
1502 1843
1503 2019
1503 5112
1504 8199
1505 3607
1506 7128
1507 2389
1507 6632
1507 8670
1509 3793
1509 3115
1510 2067
1510 8451
1510 1829
1510 2729
1511 2932
1511 6231
1512 6488
1514 1526
1515 3538
1515 9507
1515 1767
1515 3321
1516 2949
1517 4052
1518 2350
1519 3062
1519 2191
1520 3252
1520 4139
1520 1821
1521 5596
1522 1808
1522 6742
1522 6526
1523 4469
1523 8890
1524 4624
1524 8645
1524 2574
1525 7818
1526 2112
1527 1791
1528 2582
1528 1978
1528 3451
1528 9451
1528 5215
1529 8017
1529 1752
1529 5448
1529 6185
1530 6069
1530 7563
1531 7716
1531 1958
1531 1784
1532 8499
1532 3402
1533 3567
1534 1609
1535 2307
1535 4522
1537 1628
1538 2952
1539 3013
1539 6015
1540 2746
1541 3681
1541 2311
1541 2792
1541 5837
1542 6087
1542 4104
1542 4252
1543 4284
1544 8722
1545 1764
1546 2786
1546 1652
1546 2377
1547 1555
1547 2475
1548 6355
1548 3158
1548 7467
1550 7988
1550 2150
1550 4425
1551 1660
1552 7291
1553 2641
1554 4486
1555 5220
1555 9796
1555 6235
1556 9497
1557 3298
1557 2809
1558 6883
1558 7495
1559 5115
1559 3869
1560 7143
1561 3147
1562 9350
1562 5210
1562 4446
1563 2081
1563 6744
1564 1751
1564 4247
1564 2364
1565 4092
1566 2199
1567 4578
1568 1800
1568 1849
1568 3645
1569 2601
1570 4706
1570 9131
1572 5680
1572 1795
1572 3539
1572 2989
1572 5231
1573 9265
1573 9214
1574 4204
1575 2704
1575 2013
1576 2058
1576 4380
1576 4573
1577 3369
1577 5787
1577 2733
1578 4129
1578 1813
1578 6062
1579 2449
1580 7906
1581 1952
1581 1794
1581 2662
1581 3194
1581 2075
1583 4242
1583 7270
1583 5566
1584 1600
1584 4676
1585 2252
1585 3406
1587 4187
1588 9495
1591 1782
1591 3711
1592 8724
1592 2923
1593 1729
1594 3041
1594 4055
1594 1932
1596 2032
1596 3518
1597 6637
1598 2168
1599 1734
1600 3688
1600 3502
1601 1776
1601 9217
1601 2502
1602 1928
1603 8088
1604 2823
1604 1802
1605 3722
1605 5501
1608 2756
1608 1672
1610 8137
1611 5016
1612 1631
1613 7107
1613 4828
1614 5217
1615 5542
1615 6140
1616 1834
1617 7776
1617 4178
1617 4393
1618 8120
1618 8905
1619 5927
1620 1889
1620 6467
1620 5078
1621 7940
1621 8852
1621 1661
1622 4123
1623 9648
1623 4017
1623 3076
1623 2094
1624 9422
1625 2338
1625 2374
1625 4825
1627 2357
1627 6552
1627 9834
1628 4702
1629 8274
1630 3840
1630 1669
1630 8535
1631 9921
1631 4211
1631 2552
1631 7995
1631 8203
1631 1727
1632 1832
1634 5656
1635 5817
1635 8954
1635 1966
1636 1950
1637 6723
1638 2217
1638 6042
1638 1819
1639 7120
1639 2024
1639 2074
1640 1650
1640 4066
1641 5877
1641 1773
1642 3367
1642 5868
1643 4471
1644 3201
1645 2225
1645 2470
1645 2488
1645 2808
1645 2540
1646 9667
1646 8189
1647 7202
1647 2219
1647 2814
1648 2378
1648 3246
1648 9215
1649 2092
1650 5589
1650 6713
1651 6770
1653 1716
1653 2380
1653 4750
1654 2183
1654 3593
1654 7967
1655 3906
1655 4914
1655 5915
1656 2187
1656 2987
1657 2432
1657 2375
1657 3895
1657 1659
1657 5755
1658 1728
1660 6001
1661 2216
1661 2299
1663 3712
1663 2403
1664 3232
1664 2330
1666 5616
1667 8895
1668 6675
1668 3687
1668 2348
1668 5423
1669 7396
1670 4677
1670 1991
1671 2080
1671 7861
1671 4263
1671 3019
1672 2313
1673 3049
1673 3982
1674 2146
1675 3635
1675 2969
1676 7136
1676 1818
1676 9132
1676 1805
1677 3154
1678 7326
1679 6480
1679 1708
1679 6925
1680 7564
1681 5939
1681 3575
1681 4095
1682 6085
1682 2454
1682 4969
1682 2253
1683 4741
1683 8487
1683 5836
1683 1981
1684 6158
1685 7948
1689 2265
1690 8400
1690 3297
1690 9986
1690 5013
1691 2836
1691 6238
1692 8140
1693 3281
1693 4388
1693 3429
1694 8575
1695 2936
1696 2310
1698 5386
1698 3166
1699 3458
1699 4599
1699 4922
1700 4942
1701 3936
1701 7537
1701 1780
1702 5908
1702 2573
1703 5511
1704 9821
1705 3408
1707 8334
1708 2664
1708 5903
1709 5693
1710 2528
1710 9208
1711 8113
1711 3509
1711 2942
1712 3330
1712 1769
1712 7581
1713 9891
1713 1956
1713 9400
1713 3822
1714 6450
1714 2051
1714 1886
1714 2830
1714 7166
1715 7859
1715 6584
1715 4447
1716 5339
1717 2132
1717 9790
1718 9858
1718 1768
1718 9340
1718 2878
1719 2155
1719 3276
1721 6892
1722 3741
1723 9825
1723 1750
1724 4386
1724 4602
1725 6959
1726 6240
1727 7614
1728 1744
1728 6423
1728 3788
1728 2686
1729 7006
1730 4649
1731 2279
1733 3255
1735 8268
1737 1815
1737 3531
1738 9993
1738 5740
1739 9109
1740 4070
1740 8106
1740 3038
1741 3027
1741 2678
1742 2035
1742 2068
1742 5348
1742 8700
1742 2431
1743 2273
1743 8347
1743 9069
1744 3363
1744 4789
1745 7009
1745 2722
1746 4354
1746 4691
1746 7655
1746 4648
1746 9624
1746 2761
1747 3536
1747 6278
1748 1811
1748 1935
1751 2011
1752 6930
1752 5887
1753 7745
1753 2772
1755 5659
1755 3870
1755 5695
1756 2296
1756 2314
1756 1919
1757 2208
1758 2298
1758 2701
1759 3733
1760 5235
1761 8969
1762 6533
1762 7432
1762 2558
1763 2117
1763 6503
1764 8788
1765 5196
1766 6560
1766 9137
1766 2466
1766 8306
1766 6588
1768 9299
1770 2788
1770 3387
1771 6145
1771 9156
1771 2137
1772 2247
1773 5254
1775 2771
1775 2741
1776 8906
1776 3083
1776 5519
1777 3651
1778 7455
1779 6353
1780 6870
1781 3426
1781 3236
1782 7731
1782 7607
1784 6722
1784 3780
1784 4891
1785 2272
1785 6289
1785 1820
1786 7698
1786 6010
1787 2880
1788 7416
1789 7486
1791 9043
1791 1964
1792 3153
1792 3912
1793 1851
1794 2193
1794 3897
1795 3932
1796 8533
1797 2114
1797 9317
1797 3113
1798 2921
1799 4344
1799 3097
1799 6121
1800 2354
1801 7598
1801 4671
1802 4700
1802 7758
1803 2915
1803 4121
1804 2988
1804 6125
1805 3227
1805 5533
1806 5192
1808 8311
1809 4246
1811 4244
1813 8114
1813 4907
1813 3916
1813 8092
1814 2322
1815 2692
1815 2409
1815 3657
1816 3810
1816 2899
1817 1974
1818 1906
1818 3286
1818 6507
1818 2271
1819 4153
1819 8777
1819 5547
1820 1968
1820 7809
1820 4349
1823 1953
1823 3243
1823 7916
1824 2600
1824 7613
1825 2743
1825 8316
1827 9979
1829 6064
1829 6592
1829 2270
1830 2147
1830 4278
1830 4077
1832 2562
1833 5380
1834 1920
1834 9170
1834 3098
1834 3454
1835 3707
1836 4177
1836 3663
1837 7129
1837 2891
1838 2877
1839 2016
1839 7672
1841 3072
1842 2900
1842 3465
1843 6369
1845 2391
1845 6059
1845 2204
1845 5180
1846 2224
1846 4038
1846 2046
1846 2111
1847 5859
1848 9280
1848 8002
1848 7515
1849 6553
1850 2064
1850 4035
1851 2967
1851 2173
1851 7519
1852 2839
1853 3109
1853 2954
1854 2706
1855 6404
1855 7029
1855 4794
1858 2047
1860 2530
1860 8669
1861 5585
1861 5429
1861 2447
1862 4533
1863 2999
1863 2072
1864 5847
1865 9715
1865 3142
1865 2301
1867 9474
1867 2404
1867 2326
1868 2822
1868 4845
1868 3023
1869 3364
1869 3398
1869 2424
1870 3641
1871 2049
1871 4831
1872 5495
1872 4728
1873 4707
1873 1967
1874 3489
1874 3880
1875 5169
1875 4271
1876 2858
1876 5580
1876 4575
1876 8335
1877 4504
1877 6154
1877 3405
1878 8005
1878 5273
1878 7994
1880 3424
1880 3809
1881 2492
1881 8270
1881 4351
1882 3698
1882 5629
1883 6688
1883 2740
1883 9301
1883 7321
1883 2844
1884 7665
1884 7969
1884 8141
1885 1923
1885 7247
1886 3675
1887 3427
1887 6052
1888 2278
1888 4586
1888 2027
1889 7172
1890 7749
1890 2122
1891 2730
1891 6668
1891 6575
1891 8463
1892 6133
1892 3352
1893 5767
1893 6089
1894 3432
1896 5397
1896 3032
1896 4090
1897 2760
1897 8636
1898 6274
1898 9694
1899 7081
1900 2649
1901 2184
1902 2005
1902 2904
1902 8904
1902 4334
1902 9534
1903 2033
1903 2708
1903 6511
1904 5147
1906 8718
1907 1957
1907 4357
1908 6334
1909 5772
1910 3590
1910 2712
1912 3216
1912 3904
1912 2840
1913 4859
1913 2076
1914 2727
1914 7198
1915 8800
1915 7053
1915 4015
1916 3580
1916 1983
1917 5978
1918 6996
1919 3294
1919 3343
1921 6673
1921 3941
1921 7083
1921 3022
1922 4846
1923 4889
1923 9466
1924 3015
1925 7518
1926 8372
1926 3086
1927 2825
1928 1947
1928 7164
1929 2631
1929 6119
1930 4192
1930 2417
1930 6455
1931 4882
1931 2644
1932 3614
1933 9351
1933 4591
1934 2434
1934 6569
1934 7950
1935 8277
1936 6344
1936 2014
1938 2384
1938 3170
1938 5748
1938 6076
1938 4895
1939 2104
1939 2716
1940 8392
1940 7214
1941 4045
1941 4910
1942 8658
1942 5770
1945 6115
1945 8596
1945 3118
1946 6502
1946 3080
1946 3448
1947 5815
1947 6936
1947 2249
1947 4281
1948 4384
1948 3357
1949 4822
1949 3980
1950 5504
1950 2889
1950 3773
1951 4867
1951 4027
1953 3372
1953 3693
1954 2580
1954 8378
1956 5282
1957 9972
1957 2230
1957 3290
1958 7428
1958 6918
1959 2940
1959 7004
1960 5280
1960 5668
1961 2017
1961 2820
1961 7679
1962 2977
1962 3262
1963 2611
1964 2336
1964 3786
1964 8826
1966 4549
1966 4202
1966 5278
1967 3226
1968 8012
1969 3174
1969 9671
1970 5578
1970 2699
1971 3009
1971 4903
1973 5705
1973 3642
1974 5601
1974 8628
1974 6743
1975 8899
1976 5546
1976 4668
1977 8714
1977 2956
1978 4118
1978 2042
1978 4413
1979 2735
1980 4004
1980 4904
1981 6134
1981 3563
1981 6093
1984 3335
1986 7624
1987 4424
1987 7148
1988 3123
1988 4270
1989 2604
1990 9090
1990 2421
1990 2796
1991 4264
1993 6452
1993 9486
1994 4135
1994 5512
1994 3449
1995 8546
1996 2210
1996 2843
1996 4299
1997 3826
1997 9066
1998 4871
1998 8857
1998 5674
1999 7813
2000 4759
2001 6864
2002 9492
2002 3167
2003 5999
2005 2128
2005 2356
2005 4933
2006 6032
2006 2151
2006 5707
2006 4876
2006 2414
2007 8225
2008 3457
2009 4633
2010 9687
2011 2242
2012 4002
2012 4164
2012 2232
2012 6894
2013 9329
2014 5879
2015 6326
2016 2257
2016 7000
2017 2115
2017 2381
2021 9267
2021 3351
2023 7526
2023 6268
2025 2576
2025 5505
2025 4438
2025 3210
2026 2650
2027 2849
2027 2452
2027 5893
2027 4956
2028 2346
2029 3525
2029 3112
2029 9083
2030 3434
2030 6874
2031 2297
2033 4106
2034 2393
2034 3961
2034 8287
2035 3206
2036 7911
2036 3583
2037 6758
2037 9335
2039 3036
2040 5393
2040 3231
2041 3629
2042 9584
2044 2136
2045 4169
2045 6204
2046 2164
2046 3051
2047 6055
2048 6664
2048 2542
2049 4429
2050 2802
2051 7201
2051 2194
2051 2405
2051 3195
2052 3412
2053 3065
2055 9285
2055 2077
2056 3089
2056 2343
2056 4474
2056 4650
2056 2429
2057 5648
2057 8123
2058 5713
2059 5618
2061 5849
2061 2250
2062 4579
2062 5349
2062 2233
2062 2251
2063 2360
2063 2459
2064 3761
2064 3314
2064 8973
2065 5436
2065 3775
2067 6561
2067 5610
2069 3139
2072 8956
2073 7308
2074 2335
2075 4918
2076 6901
2077 2119
2077 7498
2077 3999
2079 2469
2080 6080
2080 3506
2080 2153
2081 3720
2082 7048
2082 3691
2083 2549
2084 2438
2084 2713
2085 7099
2085 3309
2085 3102
2085 5726
2086 7473
2086 2133
2086 5957
2088 7601
2088 3173
2088 3558
2089 2926
2091 3814
2091 5595
2091 3549
2092 3974
2092 6939
2092 7261
2093 2131
2093 2798
2093 9102
2093 7935
2094 9948
2094 4190
2095 6113
2096 9319
2097 3734
2098 2386
2098 9220
2098 6221
2098 5102
2099 6379
2100 7713
2100 7761
2100 2995
2101 2721
2102 5919
2104 5825
2104 5111
2104 2703
2105 9362
2106 3584
2106 2372
2106 4053
2106 5197
2107 9640
2108 7318
2109 3365
2109 6165
2109 2342
2109 7303
2109 4863
2109 6287
2111 4819
2111 4440
2112 9513
2113 7904
2113 3026
2113 6517
2114 2260
2114 3595
2115 3345
2115 3985
2115 3459
2115 7417
2116 2428
2117 9013
2118 4743
2118 2972
2118 7964
2118 4958
2119 7376
2119 8745
2119 5194
2121 3702
2121 6054
2123 8671
2124 5414
2124 4296
2125 3157
2126 3529
2127 7849
2127 8159
2128 3006
2129 8124
2131 3477
2131 3181
2132 7345
2132 5586
2133 8514
2133 9619
2133 3774
2134 4838
2136 6566
2136 4409
2136 9418
2136 6893
2137 4325
2139 4306
2139 5560
2139 4683
2140 3497
2140 9225
2141 4275
2141 6443
2141 2494
2143 2937
2144 7512
2145 3534
2146 3066
2147 5175
2148 5459
2148 5032
2148 7449
2149 2624
2149 5173
2150 7375
2152 6479
2153 3890
2153 7442
2153 8821
2154 4499
2154 2916
2154 2172
2154 6541
2155 8701
2156 4082
2156 3516
2157 3718
2157 9547
2158 5315
2158 6845
2159 2419
2159 4824
2160 7591
2161 3752
2161 5305
2162 6740
2162 4137
2163 2441
2164 8059
2164 3998
2167 3537
2167 2179
2169 7990
2170 5071
2171 5490
2171 3444
2171 2303
2172 8467
2173 2201
2174 4301
2175 2508
2176 4154
2176 3068
2177 2344
2177 8376
2177 2682
2177 4943
2178 2752
2178 9016
2179 6529
2179 4010
2180 8876
2181 3011
2182 3986
2182 3244
2183 2922
2183 5418
2184 4948
2184 5743
2185 7728
2185 6725
2186 6731
2186 2815
2187 2749
2188 7874
2188 2868
2188 2810
2188 7019
2189 8881
2189 4214
2189 2570
2190 3075
2190 2516
2190 2437
2191 8226
2192 3795
2192 5427
2192 7942
2192 4079
2193 2205
2194 9578
2194 2319
2195 9942
2195 4445
2196 3334
2196 6605
2197 2493
2198 5762
2198 5625
2198 2859
2199 4193
2199 8566
2200 2277
2200 5669
2200 2669
2201 3868
2202 4224
2202 3953
2202 7625
2202 4715
2204 2385
2205 8036
2205 7418
2206 7505
2206 4559
2207 6718
2208 2913
2208 5171
2208 8218
2209 9171
2211 3389
2213 2680
2214 7316
2216 9042
2218 4614
2220 7275
2221 2948
2222 6976
2222 7152
2222 9300
2222 6889
2222 4174
2223 8547
2223 6622
2224 2807
2225 4562
2226 6321
2226 5654
2226 2426
2226 4253
2226 4335
2227 8064
2227 6999
2228 4772
2229 3505
2230 7226
2231 3547
2232 9768
2233 3324
2233 3358
2234 2764
2234 9551
2235 3818
2235 9455
2236 6657
2236 7379
2237 4371
2237 7180
2238 5894
2238 2665
2239 9743
2242 3411
2242 8188
2243 2331
2245 4972
2246 8454
2247 4820
2248 4981
2250 9697
2250 5990
2250 4124
2252 9817
2252 6028
2252 3149
2253 2254
2254 5840
2254 6179
2254 3135
2255 6197
2255 3759
2256 3168
2256 8595
2258 4862
2259 8165
2259 8341
2259 4235
2260 8885
2262 5979
2263 5682
2263 5588
2263 7705
2264 4472
2265 3813
2267 9484
2268 5435
2269 4427
2270 3694
2272 3627
2273 3067
2273 2990
2273 6591
2274 6797
2275 5872
2276 2463
2276 2607
2277 3284
2277 4020
2277 3253
2280 3126
2281 7274
2282 3757
2282 3678
2284 7367
2284 2973
2285 7638
2285 4300
2288 5632
2288 5993
2288 5662
2288 6831
2289 2370
2289 5620
2289 6598
2289 3304
2289 3307
2290 9591
2291 5776
2291 4215
2292 3522
2292 3077
2292 3064
2292 6762
2293 3040
2293 2694
2294 5521
2295 2464
2295 3128
2296 3099
2296 3021
2297 6166
2297 6057
2297 7115
2297 5036
2298 8240
2298 2503
2298 7644
2299 7092
2299 5199
2300 3696
2300 2577
2301 4982
2302 7448
2304 2744
2305 9539
2305 5657
2306 5637
2306 3866
2306 4875
2306 5119
2308 2894
2308 4639
2309 8703
2310 2643
2310 5576
2311 7061
2311 4105
2312 7786
2312 3517
2313 2847
2314 3312
2314 4049
2314 5434
2314 5917
2316 2784
2316 9312
2316 7334
2316 6219
2317 4465
2317 2867
2317 2474
2319 3510
2320 8379
2320 9371
2320 4303
2321 2413
2322 5732
2322 3638
2323 5350
2323 5947
2324 6944
2324 5458
2324 9699
2324 9239
2324 8491
2325 2629
2325 3382
2327 3841
2327 3060
2327 2773
2328 9935
2329 3548
2330 2519
2330 5901
2332 2757
2334 5320
2335 9212
2337 2496
2340 6822
2340 6105
2340 7868
2341 7616
2341 6625
2341 9733
2341 2477
2342 9187
2342 8260
2343 8446
2344 6495
2345 2648
2345 6924
2346 2586
2348 6795
2349 2835
2349 7740
2349 3950
2350 9203
2350 3942
2352 5997
2352 5727
2353 8262
2353 5243
2353 4717
2353 9502
2353 6767
2355 6211
2356 3266
2356 9383
2356 8939
2357 2501
2357 3692
2357 6684
2358 3120
2358 4109
2359 9374
2360 3571
2360 4511
2361 7631
2362 2402
2362 3947
2362 4507
2363 9758
2364 5472
2364 7788
2365 3283
2365 5270
2366 4776
2366 5661
2367 6388
2367 9323
2368 5237
2368 2646
2370 4773
2370 7579
2371 7411
2371 5910
2374 4452
2374 6905
2376 3491
2376 6118
2380 3461
2382 5851
2383 4965
2384 7192
2384 7147
2386 2747
2389 4928
2389 5718
2391 2879
2392 8205
2392 2863
2393 3736
2393 4780
2394 4221
2394 5375
2395 5484
2396 3847
2400 4160
2401 4722
2401 9577
2403 3090
2403 2406
2403 5721
2404 2651
2405 2489
2409 4690
2411 5617
2411 3988
2411 5108
2411 4570
2411 8186
2413 6628
2414 8222
2415 5058
2415 7554
2415 4571
2416 7469
2419 3779
2419 8111
2420 8505
2421 4260
2421 5454
2422 2776
2423 5232
2423 2753
2423 8348
2423 4975
2424 6875
2424 6652
2426 5536
2426 6604
2426 2589
2426 3485
2428 6003
2428 5480
2429 3096
2430 2723
2430 3628
2431 9919
2433 8544
2434 4152
2434 2841
2435 3666
2435 4738
2435 9076
2435 6955
2437 6137
2437 7242
2438 4967
2439 3682
2440 2903
2440 3815
2442 4394
2442 2939
2443 5052
2444 6800
2444 3121
2444 5083
2444 3197
2445 5530
2445 2620
2445 3903
2447 6273
2447 2486
2448 3442
2448 7252
2448 8329
2449 7104
2449 3877
2449 2525
2450 2837
2451 2919
2451 4039
2453 5758
2455 9125
2455 5354
2455 9226
2455 5679
2457 5488
2457 5710
2459 3799
2461 3519
2462 8841
2462 3163
2463 4721
2464 2962
2466 4771
2466 4696
2467 3289
2468 8430
2469 3764
2470 3438
2470 3311
2471 6945
2472 4168
2473 2507
2474 7266
2475 4679
2476 4782
2477 4729
2478 4329
2478 2971
2478 4348
2481 6161
2481 4114
2481 3619
2481 7702
2481 3129
2481 7757
2481 3855
2482 9589
2482 6222
2483 7628
2484 3310
2487 4805
2487 3292
2487 5293
2488 6980
2488 3261
2489 6903
2489 4490
2493 3748
2493 4063
2494 4529
2494 6486
2494 4087
2496 3269
2496 3883
2497 4155
2498 2698
2500 9868
2500 4285
2501 9824
2501 8167
2502 6852
2503 2882
2503 2873
2503 2794
2504 7669
2505 5911
2506 8909
2508 6102
2508 2679
2508 4584
2508 9946
2508 7213
2508 8365
2509 5189
2510 2647
2510 5735
2512 6375
2513 9732
2513 5861
2514 5407
2515 4704
2516 5826
2516 7784
2518 2928
2519 6926
2520 4723
2520 3848
2522 5246
2522 9038
2523 6776
2524 3652
2524 4857
2525 4083
2525 7224
2526 5675
2527 7555
2527 2853
2527 3159
2527 6347
2528 5873
2529 2544
2529 7657
2529 5850
2529 5133
2531 4436
2531 9437
2531 7951
2532 7165
2533 5142
2534 5376
2534 7543
2534 2846
2537 3609
2537 6477
2538 9550
2538 3919
2539 7600
2539 7593
2539 5948
2539 5886
2541 8237
2543 4680
2544 5688
2544 3963
2547 2945
2548 3490
2548 7307
2549 7370
2549 4843
2551 2615
2551 3991
2552 4016
2553 9785
2554 5950
2557 3667
2557 2927
2560 4400
2561 5541
2561 7816
2562 3301
2562 9675
2563 3745
2564 3984
2564 4787
2564 5303
2564 4698
2565 6016
2565 4751
2567 2931
2568 4861
2569 4673
2569 3804
2569 6508
2569 6606
2571 2783
2572 5485
2573 4785
2573 3845
2574 5857
2574 3315
2575 3299
2575 7384
2576 5330
2576 3546
2579 3542
2580 4774
2582 6736
2584 9173
2584 6680
2586 5724
2587 3704
2587 3853
2589 8383
2590 3404
2591 3604
2591 3783
2592 7280
2592 2657
2594 4885
2595 3894
2595 7084
2596 9251
2596 7078
2596 5549
2597 6785
2597 5670
2597 9355
2598 3649
2599 4652
2600 7507
2601 4345
2602 6983
2603 3776
2603 3189
2604 3393
2604 5042
2604 6191
2605 8085
2605 8888
2605 3081
2605 7001
2605 4619
2608 3475
2608 3861
2609 4964
2612 5178
2613 8445
2614 4188
2614 5212
2615 4228
2616 5057
2616 4210
2616 3162
2616 4733
2616 8061
2619 5579
2620 8022
2620 7005
2621 6819
2623 3948
2624 4346
2624 9020
2625 6981
2625 2986
2625 9244
2626 7949
2628 3185
2628 7833
2628 6413
2629 4661
2629 8633
2630 6164
2631 9061
2631 4509
2632 7161
2633 3969
2633 7342
2633 7759
2635 7150
2636 3414
2638 5394
2638 3700
2640 3172
2641 5813
2643 3566
2644 2817
2645 4262
2645 9670
2645 6524
2645 3838
2648 3990
2649 5089
2649 7238
2650 8665
2651 7408
2652 3394
2652 5796
2653 7010
2653 6630
2654 3937
2654 4868
2654 5958
2655 4689
2655 5684
2656 3843
2657 4795
2657 3710
2658 9938
2658 6377
2658 8223
2660 3512
2660 6202
2661 5184
2662 3835
2663 3296
2664 3664
2664 5105
2664 4716
2665 2876
2666 2906
2666 5821
2667 5011
2667 2750
2668 5640
2668 3679
2669 2739
2669 5895
2670 4238
2671 6275
2671 4074
2672 8749
2672 3599
2673 3385
2674 2838
2675 4543
2676 7523
2677 4054
2677 6349
2678 4947
2678 4790
2678 4621
2679 9780
2679 6363
2679 5292
2680 5172
2680 6169
2681 9860
2682 3341
2683 7746
2683 8028
2684 2705
2685 2801
2685 5553
2685 3907
2685 3705
2686 2968
2687 3430
2688 9283
2688 6475
2689 3328
2689 6259
2689 9004
2690 4313
2691 8417
2692 4811
2693 8649
2693 2991
2694 3143
2694 6041
2694 9818
2694 3148
2694 6941
2695 8534
2695 3610
2695 5356
2697 8023
2697 5117
2699 4392
2699 9885
2701 6844
2702 5955
2702 3268
2702 4842
2702 2781
2704 9363
2705 3093
2705 6331
2707 2912
2707 6525
2707 7054
2709 4884
2709 6270
2710 5792
2710 3723
2711 9737
2711 6461
2714 6913
2714 3589
2714 2886
2714 6586
2715 7441
2715 3874
2715 8502
2716 3730
2716 4814
2718 9744
2718 4358
2719 8801
2719 3285
2719 4406
2719 3630
2720 3492
2720 8600
2721 7653
2721 2758
2721 3515
2721 4125
2723 4623
2725 8337
2725 2774
2730 6564
2731 5676
2732 5810
2733 6361
2734 3029
2734 8761
2735 7017
2736 4877
2738 8759
2738 5773
2739 7641
2740 5634
2740 3945
2745 9082
2746 5489
2749 7683
2749 7098
2749 5486
2751 4560
2753 6325
2753 7596
2754 7273
2754 9791
2756 3386
2756 5706
2758 8224
2758 5782
2759 4128
2759 7829
2759 6954
2760 5678
2761 8830
2763 6358
2763 6043
2763 8716
2764 7978
2766 8528
2766 7013
2766 4414
2767 4659
2767 3257
2767 3053
2769 6500
2769 4302
2770 7528
2772 3925
2772 2824
2774 3047
2777 3576
2778 4448
2781 5760
2781 5139
2781 7817
2781 8110
2782 2884
2783 9896
2784 6341
2785 4720
2785 3235
2786 3464
2786 5864
2786 3417
2786 6585
2787 4467
2788 6116
2788 6568
2791 5641
2792 4832
2793 6856
2794 3425
2794 6618
2795 4906
2795 5311
2797 6644
2798 8685
2799 9984
2799 9917
2800 3659
2801 5777
2801 3468
2802 6180
2802 4487
2803 8289
2804 2905
2808 3020
2808 4799
2809 9009
2809 8024
2811 7123
2812 2902
2813 8667
2814 4902
2814 3615
2815 5195
2816 3556
2817 7279
2820 4798
2824 5367
2825 7380
2825 5801
2826 3202
2826 4142
2829 5442
2830 3008
2830 4971
2832 9918
2833 5952
2833 3234
2834 7664
2834 6501
2834 7767
2834 3356
2835 7993
2836 7444
2837 3620
2838 3338
2838 7183
2839 3588
2840 6272
2841 3415
2841 5516
2842 6429
2843 8812
2843 3631
2845 8994
2845 4287
2846 7392
2847 6995
2847 4383
2848 9652
2848 4519
2849 8449
2849 6036
2849 7544
2850 4643
2850 3962
2850 5786
2851 9349
2851 5223
2851 7852
2851 2861
2852 3796
2852 5702
2853 3685
2854 7268
2854 6313
2854 5259
2855 3182
2855 5198
2856 3249
2857 2864
2857 6101
2857 6843
2857 3229
2858 5331
2859 5934
2860 4625
2861 2918
2861 6393
2861 3355
2862 5550
2864 3728
2864 2866
2864 6729
2865 3920
2866 3824
2868 4259
2871 3187
2871 3865
2871 3082
2874 5136
2877 3239
2877 5496
2877 4558
2878 7046
2878 3370
2879 8283
2881 3572
2883 4422
2883 8942
2884 4315
2887 6193
2887 5106
2887 6491
2889 3751
2890 7343
2892 5043
2893 4304
2893 3223
2895 8976
2896 3034
2897 2901
2899 4084
2899 4980
2899 5468
2900 9537
2901 5522
2902 6236
2903 2996
2904 3766
2906 8019
2907 4495
2909 4317
2910 3879
2910 7191
2910 4479
2911 3293
2913 4833
2914 5963
2915 8576
2915 5219
2915 5846
2916 9777
2916 9108
2916 6597
2917 5683
2917 7646
2917 8030
2918 4408
2920 8774
2921 6833
2921 9810
2921 9771
2922 6573
2923 3300
2923 5164
2924 8013
2924 4047
2925 3803
2925 8479
2926 8497
2927 4147
2927 6869
2928 3012
2928 3214
2928 9567
2929 4592
2929 8029
2930 5100
2931 4966
2931 4089
2931 5263
2934 3031
2935 6285
2937 5565
2938 7533
2939 3136
2939 3586
2939 3287
2939 3767
2940 7088
2941 4194
2941 4421
2941 6038
2942 5090
2942 3639
2943 3186
2943 3134
2945 3413
2947 3254
2947 6601
2948 9264
2948 9157
2950 7796
2950 7864
2950 8456
2951 3122
2952 6600
2953 3058
2953 8322
2953 3498
2953 5788
2953 4493
2953 4765
2953 3470
2953 5918
2954 6816
2954 8414
2956 5193
2957 4050
2958 7827
2958 3342
2958 3823
2959 8057
2960 5543
2960 8008
2961 3331
2961 4426
2961 7499
2962 4011
2963 6399
2966 7378
2966 5471
2967 4268
2967 6974
2969 8536
2969 3001
2970 4086
2971 6389
2972 3721
2973 7722
2974 2975
2977 4753
2977 8395
2978 5961
2978 3578
2978 3901
2979 5344
2980 3673
2980 3117
2981 7760
2981 6263
2982 8132
2982 4254
2984 4291
2986 3889
2986 9494
2987 5800
2988 4323
2989 3856
2989 3884
2990 6518
2992 5730
2993 5244
2995 3618
2995 3929
2996 3278
2998 3541
2998 4360
3000 4382
3001 3215
3002 4158
3003 6067
3003 4516
3003 6108
3005 9367
3006 5155
3006 7903
3010 7239
3013 6493
3014 4888
3014 3354
3015 6209
3015 8345
3016 4289
3016 3643
3016 9500
3017 9412
3017 6807
3017 4363
3018 4163
3018 7656
3019 8087
3019 6794
3021 4641
3021 3771
3023 9601
3023 5385
3024 7620
3025 4949
3025 7893
3028 5347
3029 4056
3030 3735
3032 7173
3032 3435
3033 4068
3033 5080
3034 3329
3034 5063
3035 4226
3035 9779
3036 4762
3036 5038
3037 5686
3037 3915
3039 9770
3040 3846
3041 6975
3044 7267
3044 4841
3044 5417
3044 9754
3046 9800
3048 6261
3048 3087
3050 9620
3050 7401
3052 8843
3053 9421
3053 5151
3054 9672
3055 3939
3056 5528
3057 3495
3057 4266
3058 4274
3058 4638
3059 8753
3060 7980
3061 4390
3061 9674
3062 3176
3062 5165
3063 9008
3064 4057
3065 7137
3065 3218
3065 4746
3067 6896
3067 4403
3067 4501
3069 3203
3069 5759
3070 3376
3070 8134
3071 3473
3071 5298
3071 3205
3071 3899
3072 3348
3073 4901
3073 3401
3074 4067
3074 7787
3076 9126
3077 9900
3078 5856
3078 7477
3079 7457
3079 4298
3081 7752
3082 4752
3083 3326
3086 3366
3088 8953
3090 3981
3091 6705
3092 4517
3092 6183
3094 3145
3094 7535
3096 7021
3096 5294
3097 4484
3098 6678
3099 7667
3100 8871
3100 3592
3101 4012
3101 6782
3102 4297
3105 3568
3105 9937
3105 5797
3106 5959
3107 3552
3107 3784
3108 4256
3109 8625
3109 6117
3109 5290
3110 6045
3111 8438
3113 5652
3113 6380
3115 8599
3117 3282
3117 3831
3118 5104
3118 3747
3118 8426
3119 5497
3119 4076
3119 4557
3120 9453
3122 8172
3123 3169
3123 3782
3123 7753
3127 5711
3128 4171
3129 6359
3132 5075
3132 6295
3133 4590
3134 4686
3135 8689
3135 6422
3135 7736
3136 6131
3136 6963
3137 5614
3138 8293
3138 9605
3138 4695
3139 3264
3139 5018
3140 4314
3140 9100
3140 6798
3142 9688
3142 8377
3142 4830
3144 9454
3145 3669
3145 7962
3146 4005
3147 3499
3148 5124
3149 3650
3149 7891
3149 4122
3149 5291
3150 8554
3151 4245
3152 6522
3152 4460
3154 9147
3155 9457
3155 9833
3155 4781
3156 5113
3156 3471
3157 4184
3157 3737
3158 3703
3158 5623
3158 3322
3158 9626
3161 7488
3161 6841
3161 9054
3162 7433
3163 4835
3163 7259
3165 8455
3166 5988
3167 5440
3168 7193
3168 3562
3168 5469
3171 4449
3172 4995
3173 6928
3173 8918
3173 4775
3174 3439
3175 5540
3178 4656
3179 4251
3180 4870
3183 3772
3185 5768
3185 8526
3186 4416
3186 7509
3188 5276
3189 3521
3189 4839
3189 3487
3190 7510
3190 3724
3192 7468
3193 4563
3194 4376
3195 5932
3196 7435
3196 5470
3197 3379
3197 4813
3198 8016
3198 6075
3201 8743
3201 7724
3201 6942
3202 7932
3205 7236
3206 4431
3207 3613
3208 5647
3209 5403
3210 6138
3210 3407
3212 6082
3213 9964
3215 6993
3215 3350
3215 4367
3216 3713
3216 6123
3219 5233
3219 7374
3220 4353
3221 6407
3221 4218
3221 5103
3221 6447
3223 4481
3223 7093
3223 5926
3226 4191
3227 3944
3228 7532
3229 4836
3230 5552
3230 8557
3231 5832
3232 6546
3232 5076
3232 7530
3232 4443
3233 4697
3234 5432
3235 6310
3236 6997
3236 3241
3240 7556
3240 8040
3240 4505
3241 5400
3243 8869
3244 5592
3245 4793
3246 6324
3248 7216
3248 6998
3248 6777
3248 9899
3249 4581
3250 5916
3251 9812
3251 6806
3252 7461
3252 4665
3252 8396
3253 5086
3254 6779
3256 7522
3256 5159
3257 8897
3257 4744
3257 3817
3258 7454
3259 6053
3259 7832
3261 6581
3262 6704
3262 8608
3263 8031
3265 4330
3266 5065
3268 7493
3270 9049
3272 4261
3272 5370
3273 9377
3274 6023
3274 8911
3275 8393
3276 4593
3277 7811
3281 9089
3283 3983
3286 5906
3287 4931
3288 4616
3288 4826
3289 4572
3291 7712
3291 5073
3291 5574
3292 5284
3292 9189
3294 4136
3295 3858
3295 5716
3295 3319
3295 9198
3296 3596
3297 9781
3297 5094
3298 9794
3298 9959
3298 4718
3299 4290
3301 9594
3302 3594
3302 5214
3302 3423
3303 7700
3303 5206
3303 3433
3304 7513
3305 7800
3306 6772
3307 4840
3308 3410
3309 5704
3309 6715
3311 4990
3312 4745
3312 4970
3313 7974
3314 6873
3315 5200
3315 9958
3316 4201
3317 3557
3318 6881
3318 5752
3319 5757
3321 8282
3323 3606
3324 5561
3325 6900
3325 5909
3325 6167
3326 5701
3326 5062
3326 6719
3328 9072
3328 3729
3328 3787
3330 5010
3330 3368
3331 6210
3331 3480
3332 3340
3332 4223
3332 8367
3333 7016
3334 3971
3335 7629
3336 4856
3337 9372
3337 9485
3338 6549
3338 5374
3340 8951
3340 5848
3341 3714
3341 3526
3341 3821
3344 3601
3344 9498
3345 4240
3345 4605
3348 6890
3349 4338
3351 4932
3351 8532
3351 7067
3351 4524
3351 8892
3351 9327
3354 7227
3357 5395
3358 7840
3359 7094
3362 3913
3362 7260
3363 8708
3365 4777
3367 4040
3367 3674
3367 4989
3368 6153
3369 5309
3370 7299
3373 9803
3374 7934
3376 4754
3376 3428
3377 3624
3377 5034
3378 4146
3378 9876
3381 3676
3382 7059
3384 4337
3385 4478
3386 9562
3387 3876
3389 6206
3390 9766
3391 5310
3392 9920
3393 4389
3393 9151
3394 5053
3395 8408
3396 7377
3396 6126
3398 3852
3399 9664
3400 4779
3402 6208
3404 9970
3404 7210
3405 9282
3405 3559
3406 8854
3408 4207
3409 6265
3409 3806
3410 4276
3410 4140
3410 3695
3411 5667
3411 4470
3411 7933
3411 3486
3411 9934
3413 5026
3413 9266
3414 6570
3417 3634
3417 9954
3417 4216
3417 4143
3418 7858
3418 4396
3420 4377
3421 7050
3423 3684
3425 7073
3426 3520
3426 4181
3428 9925
3429 6907
3432 9707
3434 7777
3434 6360
3435 4227
3437 3530
3438 4430
3439 5123
3439 8278
3440 4144
3440 6572
3441 4312
3442 5265
3443 3881
3445 6292
3447 7313
3448 8776
3450 4064
3450 9610
3451 5971
3451 9133
3451 7311
3452 6435
3452 3496
3452 4350
3453 9014
3453 3598
3453 5279
3454 5457
3454 3923
3454 6629
3456 8673
3459 8279
3461 8910
3462 7265
3462 5554
3462 4391
3462 3500
3463 8299
3464 6641
3465 5830
3465 4618
3467 4632
3468 6297
3469 7929
3470 6139
3472 4432
3472 6940
3473 9586
3473 8989
3474 7547
3474 7663
3475 7394
3476 5126
3476 8424
3476 5019
3476 8494
3477 6192
3478 4356
3478 5609
3485 6264
3487 3864
3489 4433
3489 6114
3490 4610
3490 5940
3491 3902
3492 3533
3494 6994
3495 3605
3495 6362
3496 3683
3499 5281
3499 5972
3499 8847
3500 4646
3501 4018
3501 4978
3501 4553
3502 8099
3502 6757
3502 3997
3503 7314
3503 6510
3504 3921
3504 4603
3504 5867
3504 6763
3505 7162
3506 3922
3511 6596
3511 9193
3511 3914
3512 4309
3512 8661
3512 7670
3512 4331
3513 5353
3518 4370
3519 4860
3519 6444
3521 7494
3521 5482
3523 6088
3523 8925
3524 4176
3527 3805
3528 3860
3528 4294
3532 3816
3534 5537
3534 4823
3535 6237
3536 3827
3536 8955
3537 6066
3538 6984
3539 7066
3539 9978
3540 7045
3540 8537
3540 3551
3541 7346
3541 6327
3542 6937
3542 5387
3542 4108
3545 6449
3546 6950
3549 4418
3549 4233
3550 8732
3551 5135
3554 4996
3554 8522
3555 9490
3557 9112
3560 9458
3560 4883
3560 4182
3560 4651
3562 6401
3563 3888
3566 9129
3566 5453
3567 4379
3568 4219
3569 4145
3569 8359
3569 9306
3572 4536
3573 5409
3574 4473
3574 3727
3575 6828
3577 5241
3581 7671
3582 8219
3583 4170
3584 7686
3586 5182
3588 8819
3588 4681
3589 8961
3589 4547
3589 6280
3589 7612
3591 4071
3591 4030
3591 7726
3592 5456
3598 3600
3598 6595
3598 6104
3599 7407
3601 5059
3603 9415
3604 8344
3605 4225
3606 5116
3607 4866
3608 6146
3608 9897
3608 4654
3609 6337
3609 4714
3611 5143
3612 3863
3612 8297
3613 4241
3614 6462
3614 6895
3619 8992
3619 7797
3619 3867
3620 5922
3620 5029
3620 9786
3620 9039
3621 6961
3622 8244
3623 5774
3624 4802
3624 4962
3624 4036
3625 6079
3626 9701
3627 5665
3628 6801
3629 6228
3629 7914
3630 9689
3631 8193
3631 5269
3631 9389
3632 6022
3633 3924
3633 8248
3634 7018
3634 8748
3636 8822
3636 8490
3638 9341
3640 9872
3640 3964
3641 5345
3641 9587
3641 4500
3641 4574
3641 8542
3642 4739
3642 7652
3642 5477
3642 7741
3643 7233
3643 9549
3644 5921
3644 3781
3644 8006
3644 3871
3644 9775
3646 4801
3646 6471
3647 4855
3647 9690
3649 6602
3650 6144
3650 5481
3652 3798
3652 3820
3654 7617
3654 7100
3655 3792
3655 6162
3656 9713
3657 6755
3657 5322
3657 7229
3658 7766
3660 5651
3661 5785
3662 5236
3662 7750
3662 4506
3663 4513
3663 9795
3663 5358
3664 5077
3664 9989
3664 7064
3664 4255
3667 5365
3667 5461
3668 6982
3668 9622
3668 4957
3670 4333
3671 7955
3674 5264
3676 3715
3676 4024
3676 5321
3677 9902
3679 5040
3679 7012
3681 4778
3682 3995
3684 7897
3685 8259
3685 5828
3687 5935
3688 9128
3690 5000
3691 6756
3693 4072
3694 4642
3694 4085
3694 5866
3697 5319
3698 8772
3699 9331
3700 9326
3701 4321
3701 6948
3702 5954
3703 4897
3703 7844
3704 7711
3707 8115
3708 6048
3709 4257
3709 5685
3713 4093
3714 8121
3715 3750
3715 5146
3716 5412
3718 5176
3718 3966
3719 4757
3720 6244
3721 4804
3722 5503
3724 4685
3724 4175
3725 5060
3725 9596
3726 4115
3726 8331
3727 3987
3728 7837
3730 4099
3731 4025
3731 9849
3732 7022
3734 8258
3734 6835
3734 7673
3735 5712
3735 7472
3735 4258
3736 9092
3737 5177
3738 6536
3738 9625
3740 8034
3740 9481
3740 7071
3741 9717
3743 4979
3743 4567
3743 7246
3746 4326
3746 5132
3747 5487
3750 7360
3750 5820
3751 7460
3751 6504
3751 8363
3751 8508
3751 5023
3754 4305
3754 7795
3754 8758
3755 8164
3757 5831
3757 8301
3759 4483
3761 8771
3762 4725
3762 4399
3763 3801
3764 8352
3764 7634
3765 6155
3767 5152
3767 3873
3767 6790
3768 6195
3768 9686
3769 6645
3773 4645
3776 5571
3776 5014
3776 9294
3777 9574
3778 8232
3779 8175
3784 8129
3785 4098
3788 4494
3790 8592
3791 4185
3791 9146
3792 5771
3793 7592
3794 6690
3797 4362
3799 6842
3800 8143
3801 6391
3804 5300
3804 6885
3804 4102
3805 8386
3808 8053
3808 6621
3810 6593
3810 9478
3811 4407
3812 7887
3813 4138
3813 9996
3814 5306
3815 9303
3816 7465
3817 8756
3818 6156
3819 6019
3819 6916
3820 5166
3821 5181
3822 6408
3822 4361
3822 6058
3828 8247
3829 5803
3830 5204
3831 4568
3831 7020
3833 7765
3833 8071
3840 5118
3840 8959
3842 5666
3843 5222
3844 8370
3847 4023
3848 6882
3848 5017
3850 4454
3850 4457
3850 6603
3852 5224
3852 4078
3853 4994
3854 5937
3855 5600
3856 4441
3860 5366
3861 4853
3861 7878
3861 9548
3862 8465
3862 4026
3867 8323
3868 4065
3868 8723
3868 4308
3868 6886
3869 4435
3870 8302
3871 7681
3874 8868
3875 4742
3877 4013
3878 5390
3879 4595
3879 4008
3880 6615
3880 5148
3883 5035
3885 5697
3886 3965
3886 8093
3888 7570
3888 6727
3888 7687
3888 5532
3888 3933
3888 6366
3889 6813
3890 5377
3890 5203
3895 7917
3898 8838
3899 6364
3905 5437
3907 6880
3908 9848
3910 4946
3910 4919
3911 5044
3912 9459
3912 8318
3915 4611
3916 9658
3917 4151
3918 7908
3919 8091
3920 8388
3922 5041
3922 7586
3923 5593
3924 8590
3924 9278
3925 8627
3925 7636
3929 6283
3930 5655
3931 8691
3931 9197
3932 4727
3934 5047
3934 7481
3934 4250
3934 8349
3934 3967
3935 5221
3935 7399
3938 9943
3938 9903
3941 5314
3941 4232
3942 6848
3942 8290
3945 5137
3945 4203
3946 5441
3946 7383
3947 5492
3949 4217
3950 4726
3955 8084
3955 4953
3955 9337
3956 4022
3956 7998
3958 7410
3959 9639
3959 9642
3961 6761
3961 8169
3961 4378
3962 5494
3962 8632
3964 6151
3964 4541
3965 5889
3966 9056
3966 6571
3967 4797
3968 9564
3970 5621
3970 5559
3971 5523
3972 4896
3972 5096
3972 6540
3974 8246
3975 4502
3976 9563
3977 6400
3985 7939
3985 4598
3985 8127
3986 4663
3986 7609
3987 8602
3987 4764
3988 5398
3988 5687
3989 6343
3990 6499
3990 8399
3991 5855
3992 6730
3996 5914
3996 5131
3997 9581
3998 4815
3999 5822
4000 6439
4000 4410
4000 6346
4000 6460
4004 7426
4005 6291
4006 5327
4007 5421
4011 8056
4013 4821
4014 5493
4014 5054
4017 6949
4018 4100
4020 4755
4028 4678
4028 6927
4032 4220
4033 6902
4033 6765
4034 4983
4035 6225
4035 8474
4036 9595
4036 4205
4036 4461
4037 5766
4037 5275
4038 8957
4039 5753
4040 9576
4043 9831
4044 4525
4046 6829
4047 9313
4047 5258
4047 4397
4048 5968
4050 6224
4051 7206
4054 9585
4054 5154
4054 9339
4055 4766
4058 4319
4060 7167
4061 4482
4061 8875
4063 4180
4063 5677
4064 4740
4065 4657
4068 4352
4068 5722
4068 4523
4069 6863
4069 8095
4071 7855
4075 5028
4078 7973
4079 6248
4079 9162
4083 4420
4083 7031
4086 5965
4088 6964
4089 8844
4091 7534
4093 8332
4094 7351
4097 7714
4098 5066
4099 5067
4102 5498
4102 8620
4107 6577
4107 6812
4108 4439
4108 5548
4110 4997
4110 5324
4112 7105
4113 9048
4116 4920
4118 4162
4118 4237
4119 4844
4119 4909
4121 8148
4124 8999
4125 8941
4127 6793
4130 8721
4130 4724
4130 5286
4131 4669
4132 8828
4134 5174
4138 4675
4138 5619
4139 8422
4139 6189
4140 6551
4141 4167
4141 8695
4142 6614
4144 5892
4144 6824
4144 4699
4147 4635
4148 8719
4149 5027
4149 8551
4149 5627
4151 6037
4151 7482
4152 8097
4152 8891
4154 8389
4155 6544
4157 4737
4159 8231
4159 6699
4159 9599
4160 4417
4160 9704
4160 4905
4161 8541
4162 6300
4163 8404
4163 9430
4165 7727
4167 8261
4168 6931
4168 7459
4168 8795
4169 9927
4172 5582
4173 6336
4173 9628
4173 7805
4175 8932
4176 6008
4178 4985
4179 6442
4181 4538
4186 7090
4187 9787
4188 5791
4194 9186
4194 4613
4196 6288
4196 9808
4196 7145
4197 5025
4197 8780
4198 4395
4198 7231
4201 5307
4203 4760
4204 4664
4204 4601
4206 7131
4209 6215
4209 9864
4210 9778
4211 8814
4214 6660
4215 5904
4217 7966
4218 4503
4220 9295
4221 8807
4222 6095
4223 9571
4223 9573
4223 4890
4225 6396
4226 5539
4226 8650
4226 5694
4227 5005
4228 9711
4229 4385
4230 7748
4231 8466
4231 6746
4233 9632
4236 6267
4236 5325
4237 9836
4238 7650
4238 6051
4239 8276
4241 7480
4243 5061
4243 7065
4243 8698
4243 5020
4244 7521
4244 6717
4245 4647
4245 6631
4246 8361
4247 5285
4248 4364
4248 8846
4250 7108
4250 4412
4254 5590
4254 7659
4255 6181
4257 4311
4259 9204
4259 9325
4260 6241
4261 5744
4262 8100
4266 5931
4267 4984
4267 5084
4270 7594
4272 5870
4275 9064
4275 4398
4276 4872
4276 5945
4277 4320
4277 4770
4277 7706
4280 8058
4281 6871
4282 5396
4283 6839
4284 6216
4284 6187
4286 5467
4290 4974
4292 7456
4293 5603
4293 9124
4293 7500
4294 6612
4296 5107
4296 8355
4296 9654
4299 7682
4300 7422
4301 7553
4301 5898
4302 4807
4302 7946
4303 5056
4303 7571
4304 7431
4304 4491
4304 8623
4305 6513
4305 6124
4306 7584
4306 6583
4306 5929
4306 8074
4307 5425
4307 9725
4310 9447
4310 7804
4311 5823
4312 4719
4314 4816
4315 6473
4316 4735
4317 6810
4317 4604
4318 9287
4318 8601
4319 4381
4320 9059
4323 8851
4327 4419
4328 4916
4330 7320
4331 5649
4332 9456
4333 7304
4334 4850
4336 7941
4336 9149
4337 7856
4338 6135
4339 5890
4340 9602
4341 9718
4345 9544
4346 9026
4347 5664
4347 7968
4349 5037
4351 7169
4354 8139
4354 9246
4355 6832
4357 6367
4358 5483
4359 6282
4359 7674
4359 8428
4362 4488
4363 8444
4364 9209
4365 5234
4365 4565
4365 4527
4366 7337
4366 7881
4371 9314
4372 8380
4373 5883
4375 4792
4377 8692
4380 4564
4381 5287
4384 5122
4384 4851
4385 8330
4389 8791
4390 6186
4392 9097
4393 4806
4393 5190
4393 9566
4393 8975
4397 4530
4397 5749
4401 8754
4404 6352
4405 9749
4405 8427
4405 7503
4410 5567
4413 5852
4413 5583
4415 5211
4416 7828
4416 7402
4418 8112
4419 7585
4419 9153
4419 6836
4421 7204
4421 4950
4421 7719
4422 7548
4422 9870
4423 5120
4424 9250
4424 9470
4425 8421
4427 6290
4429 6773
4430 7478
4432 9597
4433 8082
4434 8603
4434 6111
4437 6512
4444 4552
4446 6247
4446 5466
4447 4992
4450 6394
4452 9515
4455 5508
4455 4631
4457 6418
4459 4712
4459 6814
4463 8653
4464 8215
4464 4606
4467 7516
4467 5245
4468 6397
4469 5907
4470 6314
4471 5775
4472 4528
4475 8553
4476 5783
4477 9736
4478 5897
4479 8577
4479 7763
4479 5334
4481 8192
4481 6539
4484 8407
4485 5336
4486 9706
4487 7188
4488 5381
4490 5022
4491 7170
4495 5422
4498 7894
4499 6804
4500 5769
4501 9985
4501 8357
4502 6071
4502 7032
4503 7127
4505 7773
4506 8255
4509 7863
4509 4937
4510 7462
4512 4963
4514 9122
4516 9582
4517 7106
4518 6039
4518 6732
4519 5572
4519 9190
4520 6478
4521 6431
4523 8212
4528 5973
4530 4812
4531 9638
4534 5784
4535 4561
4536 7072
4537 8684
4537 7151
4538 6141
4540 9914
4542 7953
4542 9419
4543 8418
4546 4999
4546 9656
4550 9191
4550 4936
4551 8354
4555 5389
4558 9730
4558 8155
4559 5545
4559 7295
4560 8321
4562 6024
4562 5050
4562 6639
4567 4688
4567 6409
4568 6683
4569 8501
4569 7014
4570 4935
4570 5003
4571 6405
4571 7132
4572 7168
4572 5875
4573 5841
4574 5260
4577 8001
4577 5478
4579 8738
4579 8725
4579 7243
4579 7470
4580 4629
4580 6538
4581 7217
4582 9040
4583 6176
4583 7425
4583 4674
4583 5714
4583 5332
4583 5352
4583 7992
4584 7409
4585 4809
4585 6205
4586 6748
4588 5781
4588 6458
4591 4786
4591 6099
4591 8271
4593 6792
4595 7415
4596 4898
4596 4761
4599 5473
4599 4837
4600 5021
4602 9760
4602 7089
4602 5051
4605 6040
4605 7562
4605 7647
4606 6840
4607 5715
4608 6402
4608 5882
4608 6636
4610 8563
4612 5074
4612 6130
4616 9798
4616 5031
4616 6014
4616 6623
4618 5584
4618 5144
4618 5384
4621 7381
4621 9839
4624 5109
4625 5239
4629 6528
4629 5465
4629 8586
4632 9991
4632 7944
4632 7615
4634 6706
4636 6649
4637 5986
4637 4687
4639 9070
4640 9555
4641 5267
4641 8598
4642 8128
4643 9262
4644 5942
4645 4847
4646 5816
4646 6298
4649 4917
4651 9413
4651 7007
4652 5012
4652 4734
4653 5301
4654 6027
4655 5153
4655 5581
4658 5525
4661 8133
4666 6466
4666 6201
4670 9027
4671 5378
4671 7774
4672 6227
4680 6330
4682 8974
4683 5289
4685 9318
4686 9763
4689 6136
4689 6654
4690 9988
4691 7149
4691 7086
4692 5162
4692 5902
4693 5633
4693 5733
4694 6537
4694 6922
4694 7082
4696 6294
4703 9526
4703 4952
4704 8677
4704 5450
4705 5009
4707 6384
4708 8978
4710 8940
4713 4818
4713 5925
4713 7114
4715 8000
4715 9822
4717 5643
4722 8050
4723 5639
4724 9055
4725 5863
4726 9138
4726 9018
4726 5531
4726 9727
4728 9007
4730 4758
4730 5110
4731 8478
4732 7075
4736 6753
4736 8221
4737 6315
4739 5982
4741 5252
4742 6899
4743 8702
4744 7527
4744 5967
4745 6888
4746 6498
4747 5238
4747 6766
4749 5188
4749 8728
4749 5163
4749 8045
4754 5227
4754 6988
4755 6774
4756 7892
4758 7654
4761 5858
4761 8066
4762 9906
4766 4769
4766 8943
4768 5636
4768 8936
4769 7632
4769 7324
4769 5631
4770 7793
4770 9158
4773 7215
4777 8985
4778 7938
4779 8207
4780 5335
4781 5741
4782 8391
4786 6421
4786 7514
4786 5451
4788 6547
4788 9721
4789 8726
4790 6648
4797 7905
4798 9388
4800 5994
4800 7037
4800 5183
4802 9663
4803 8740
4803 7981
4806 8835
4806 6430
4807 5373
4809 5981
4810 8584
4810 6747
4814 5247
4815 7692
4816 6691
4819 6887
4819 6446
4820 5960
4823 5692
4828 6681
4830 6969
4830 6638
4836 5475
4836 6308
4837 5928
4838 6307
4839 8775
4840 4913
4841 6173
4842 6172
4842 9580
4843 6250
4844 6464
4847 8786
4847 5082
4851 8607
4852 4924
4853 5700
4854 5313
4855 8849
4858 8597
4859 5658
4861 6834
4863 6433
4863 6147
4863 7155
4863 5860
4864 4865
4866 6960
4868 7971
4869 4873
4872 5388
4872 5406
4873 6906
4874 6737
4875 5168
4875 9425
4883 9783
4883 6728
4883 9720
4886 6403
4888 9807
4889 7930
4890 8736
4890 8580
4891 6951
4892 5510
4892 5689
4893 6796
4895 9118
4898 9633
4900 5383
4900 5114
4900 7885
4901 7282
4902 6356
4903 7947
4905 4988
4906 5506
4909 5242
4912 5072
4916 8048
4919 6548
4919 7309
4921 6271
4923 6968
4923 5628
4924 4955
4926 6233
4928 8984
4930 6826
4931 7203
4932 8968
4935 9830
4937 5297
4940 6911
4942 5410
4942 9163
4944 9000
4946 8160
4947 6820
4948 7362
4949 8552
4949 6957
4951 6619
4951 7439
4953 5343
4955 7395
4956 8492
4958 8560
4958 5606
4959 8767
4961 5369
4966 8820
4966 9276
4967 5449
4972 8944
4972 6646
4973 6044
4974 6342
4974 9695
4975 5681
4975 6946
4976 4986
4979 5622
4980 7463
4980 5756
4987 9531
4991 8643
4992 7329
4992 5099
4993 5185
4994 7627
4995 6132
4995 5150
4996 5638
4996 9113
4997 5671
4998 7237
4998 7195
4999 7256
5002 6726
5002 5447
5003 5360
5003 6978
5003 9178
5004 7890
5006 7190
5006 7958
5008 8346
5009 8300
5010 9890
5018 9260
5019 8327
5019 8619
5021 5577
5022 8170
5023 8384
5025 6620
5025 9838
5026 9309
5030 7603
5030 5208
5030 6697
5030 8269
5031 5255
5032 9154
5033 8859
5036 7580
5039 7412
5039 7884
5041 6097
5041 5218
5041 6255
5042 7171
5042 6303
5051 5499
5052 7707
5057 7975
5058 9263
5059 8983
5059 7961
5061 9957
5061 5262
5061 6110
5061 5455
5062 6112
5063 5575
5066 5913
5067 7945
5074 6454
5078 5205
5079 5364
5082 5128
5082 5613
5083 6420
5083 7068
5084 9728
5087 5464
5088 8196
5089 9169
5091 5630
5093 5691
5094 7300
5094 6967
5099 7423
5101 7798
5102 6306
5108 5363
5109 6868
5109 7241
5116 9229
5117 7058
5118 9931
5119 7658
5122 5362
5122 7717
5123 5426
5126 7621
5127 9045
5128 9148
5132 5698
5133 7843
5133 6440
5136 6482
5136 6184
5138 5261
5139 6072
5139 7023
5140 7371
5142 6866
5148 6262
5148 5884
5148 5342
5152 6474
5156 9613
5157 5266
5157 9130
5158 7680
5160 8914
5160 9431
5164 6514
5165 6217
5170 7907
5171 5431
5177 9926
5178 5443
5178 9103
5182 6496
5182 9889
5185 6481
5190 7839
5193 5274
5194 5520
5194 7234
5195 6163
5197 6269
5197 8799
5198 5924
5198 7886
5200 7230
5200 8063
5201 8737
5204 8717
5205 5763
5209 7539
5211 9820
5215 8211
5216 8681
5217 6034
5219 5304
5220 5912
5221 8512
5221 8163
5221 5333
5227 9739
5228 9659
5232 9405
5233 9895
5233 6090
5234 6049
5235 5529
5236 9396
5238 7049
5241 8948
5241 7991
5242 9947
5247 8742
5247 7866
5249 7860
5250 6556
5251 9963
5251 7436
5252 5998
5254 7080
5258 8208
5260 6258
5261 6694
5261 8472
5262 7867
5264 8312
5266 7536
5266 7091
5267 9242
5268 6665
5269 8784
5269 5612
5270 9121
5270 8435
5271 9404
5272 5644
5273 5368
5273 6168
5273 8142
5274 6558
5274 9598
5276 8818
5277 8459
5279 7042
5284 7696
5284 5556
5284 6857
5287 6958
5295 9416
5295 5663
5296 7850
5297 7780
5300 9037
5302 9248
5303 6472
5306 7808
5307 6830
5308 8153
5310 5699
5311 5833
5315 7762
5325 6050
5325 8931
5325 9420
5326 7569
5331 7466
5337 7130
5341 7778
5341 6092
5346 9002
5352 8313
5355 8360
5355 9387
5356 5491
5357 9950
5359 6506
5361 9501
5362 9216
5363 5946
5364 8908
5365 7289
5368 9945
5371 6492
5372 5391
5373 6374
5379 7389
5381 7184
5383 5562
5384 6626
5384 7597
5387 8442
5393 5513
5397 6786
5397 6741
5401 6035
5402 6190
5406 9892
5410 7240
5411 6031
5412 6696
5413 8485
5413 8861
5415 6778
5415 9997
5416 6033
5416 8629
5416 7146
5419 7158
5420 7552
5420 8032
5422 8789
5425 6229
5425 9999
5426 5430
5427 6148
5429 5974
5431 6030
5433 9391
5434 5827
5435 9541
5436 6081
5436 6599
5441 7041
5441 6398
5442 8033
5444 8964
5447 9464
5447 8238
5453 6788
5454 7232
5454 9506
5455 7182
5457 7645
5457 8511
5459 5573
5461 5809
5461 7331
5461 5514
5462 7558
5464 5896
5465 8447
5466 6821
5470 7124
5471 5507
5471 6582
5475 5969
5476 9805
5477 6386
5482 8549
5483 5739
5484 6432
5484 6818
5484 9482
5485 9776
5485 7244
5486 6837
5486 8558
5490 9907
5490 8920
5491 9057
5492 6867
5493 6212
5495 9588
5495 6309
5495 7133
5496 9304
5498 9535
5499 7915
5499 6319
5502 5881
5503 9288
5505 6084
5505 9275
5507 7846
5509 6157
5510 7087
5511 6521
5513 7126
5514 6170
5515 7178
5516 5920
5516 9708
5520 6252
5523 9150
5525 9722
5527 5871
5528 6098
5531 6904
5532 9449
5535 9293
5536 9845
5538 8937
5541 9748
5541 9366
5542 8336
5544 9001
5544 6590
5545 8782
5548 8887
5549 7496
5549 9912
5553 8469
5553 6078
5553 8958
5556 7118
5560 9033
5562 7483
5563 9698
5563 6077
5566 8385
5566 6643
5566 6152
5570 6485
5570 5673
5572 6884
5572 7926
5573 8833
5573 6378
5573 8079
5575 9298
5575 9235
5580 7040
5580 8829
5581 9875
5581 6026
5585 5811
5587 6769
5589 8328
5590 9060
5593 6056
5594 8362
5595 8431
5596 6979
5599 9140
5599 7704
5602 7815
5602 9772
5604 7453
5605 6543
5609 7794
5615 6070
5618 7390
5619 6647
5620 8076
5622 7836
5623 5723
5627 7044
5627 5765
5627 9657
5629 5975
5630 7255
5630 7678
5632 7301
5635 5891
5635 9050
5637 9953
5640 6434
5641 7026
5641 6986
5646 8793
5650 7557
5657 8004
5657 7790
5659 6854
5659 9496
5660 9909
5661 5943
5662 8295
5664 9290
5664 6735
5670 5845
5673 5751
5673 6745
5675 5690
5676 7315
5678 6128
5679 9116
5682 7739
5684 7984
5687 6266
5689 8496
5689 8539
5691 6094
5692 6047
5693 8060
5695 7397
5703 5980
5706 7139
5708 7292
5710 8604
5711 6853
5711 7517
5712 9685
5713 9316
5713 8696
5714 7254
5715 7737
5715 8635
5716 5956
5716 9213
5717 7196
5721 7925
5721 7340
5727 9684
5729 9094
5729 7785
5732 9901
5734 9886
5735 6427
5737 9666
5737 6419
5737 9343
5739 7567
5741 6459
5741 8525
5742 7286
5742 6207
5743 7440
5747 8291
5747 8863
5752 9192
5752 9851
5755 8837
5755 6120
5756 6784
5757 7611
5758 7276
5760 7223
5760 7626
5761 8538
5762 8781
5763 9401
5765 6624
5766 7986
5770 7144
5771 7332
5772 8644
5776 6286
5780 6721
5783 7835
5784 6451
5786 9104
5786 5970
5786 6610
5790 7651
5790 8198
5791 7883
5791 7725
5796 7033
5800 9855
5811 6714
5811 7038
5814 8241
5815 6296
5816 6383
5818 5835
5820 6017
5820 7153
5820 7450
5826 8562
5828 9968
5830 9086
5833 7742
5833 8798
5834 5874
5834 7076
5835 7421
5836 8966
5837 7751
5837 6542
5838 6338
5842 9224
5843 6198
5843 7446
5848 7197
5852 5962
5853 6006
5854 8783
5855 6083
5855 9435
5859 6669
5859 7485
5861 6687
5861 9167
5862 7245
5864 6243
5865 8433
5867 6659
5867 7063
5868 8638
5870 6376
5874 6260
5874 8567
5880 9956
5881 7912
5883 6594
5883 9134
5885 8174
5886 9380
5887 8641
5890 6802
5892 8648
5894 8640
5897 6677
5901 8589
5901 8734
5905 8672
5906 7902
5908 8202
5909 5941
5912 8896
5912 7826
5912 6239
5913 8518
5918 8294
5923 9801
5924 6199
5927 6340
5928 9328
5929 6293
5929 7385
5931 8855
5932 9734
5932 7404
5933 6357
5934 8242
5936 6320
5942 6878
5945 9600
5945 7350
5947 9378
5950 6672
5951 9330
5952 8766
5955 7186
5957 6068
5958 6689
5960 9660
5961 7209
5965 8375
5966 6196
5968 9025
5970 7952
5977 7298
5981 7838
5983 6838
5984 6609
5985 6663
5989 9827
5990 8675
5991 9747
5995 6299
5996 9843
5996 9477
5996 7419
5997 9385
5998 8200
6000 9439
6003 8882
6004 7055
6005 7207
6009 8972
6011 7443
6012 7568
6012 8690
6014 9307
6015 8069
6017 9751
6020 6576
6028 6914
6029 8495
6030 7284
6030 8213
6030 7471
6031 6381
6038 8320
6039 9680
6039 8647
6043 7525
6043 6520
6044 6149
6045 8705
6046 6935
6050 8154
6054 6627
6059 6827
6064 9565
6067 7015
6067 8252
6069 8325
6069 7262
6073 6177
6075 7819
6077 9678
6079 8180
6083 7096
6087 6279
6088 6987
6093 9106
6093 8051
6093 9980
6094 8243
6094 6711
6102 8763
6102 6302
6115 6257
6116 6846
6118 9944
6120 9887
6121 7361
6122 6733
6124 6348
6128 7052
6129 6368
6131 9712
6136 7812
6143 6372
6144 8898
6145 9969
6146 6970
6147 8182
6149 8963
6153 6251
6153 6860
6153 6781
6156 6709
6156 7909
6162 9370
6163 9046
6165 8762
6167 7504
6181 6484
6183 8564
6184 7922
6191 8938
6196 7901
6197 7721
6197 6333
6199 9804
6200 6253
6205 6531
6208 8540
6209 7845
6210 7895
6213 7769
6215 7545
6219 6234
6220 8037
6224 7506
6225 8423
6227 7047
6228 8817
6230 7876
6235 8565
6236 7429
6237 6456
6245 6608
6245 9705
6247 6695
6254 9463
6256 9788
6257 8116
6264 8039
6268 8662
6269 7862
6271 7590
6272 6406
6272 7834
6274 8281
6276 7051
6279 8693
6283 6301
6284 6370
6284 8773
6288 6335
6292 8101
6293 7801
6294 6897
6298 6497
6299 6898
6301 9499
6302 8581
6302 7069
6303 6738
6304 7110
6304 6574
6306 9608
6307 8185
6308 8545
6318 7490
6319 9655
6325 7305
6327 6395
6329 7910
6331 7142
6332 7365
6333 7561
6335 7732
6336 6371
6337 8266
6338 7979
6339 7269
6339 7319
6342 9271
6344 9259
6345 7341
6347 6847
6348 7782
6351 7754
6352 9982
6353 7875
6353 7690
6355 9487
6361 8405
6362 6390
6362 8439
6363 9093
6364 9769
6365 7691
6373 9114
6378 6817
6378 6392
6388 8585
6388 6861
6389 9636
6389 9465
6396 7870
6397 7302
6399 6607
6403 9683
6404 6411
6405 7573
6406 8870
6409 8080
6410 8177
6414 9051
6415 6956
6416 7328
6421 6428
6422 7588
6423 8907
6434 8413
6435 8437
6437 8190
6440 8481
6444 8986
6445 6947
6445 8310
6448 7174
6448 6953
6449 7542
6450 6698
6454 9850
6456 6720
6456 6468
6457 7222
6457 7735
6459 6656
6460 8996
6461 7587
6461 8591
6463 7606
6468 9272
6469 9572
6469 8183
6469 8042
6471 7898
6473 6865
6473 9257
6474 9461
6474 6557
6475 6667
6476 7364
6476 6917
6478 9202
6481 6489
6482 7338
6482 8778
6484 7572
6486 9682
6488 6666
6489 9011
6496 7221
6496 8249
6497 7413
6498 7272
6502 9428
6503 7297
6505 6734
6510 9078
6511 8176
6511 7987
6517 9516
6520 8390
6522 7278
6529 7489
6529 9898
6532 9436
6536 8588
6537 8003
6538 8014
6541 7738
6544 7125
6548 9634
6554 6775
6554 7002
6555 7648
6555 9879
6555 8233
6557 7363
6560 7348
6560 7508
6561 8473
6565 9302
6567 6783
6568 7122
6569 7529
6570 7623
6573 7427
6574 8381
6575 8073
6576 8264
6577 7693
6581 6908
6582 9559
6589 8285
6590 8098
6590 9561
6591 9616
6592 6991
6594 9073
6597 9888
6599 6617
6601 7208
6606 6662
6608 6682
6609 7281
6609 9165
6620 9365
6622 6973
6623 7877
6624 9279
6629 7888
6629 7458
6631 6752
6631 9893
6632 8710
6632 9079
6633 7140
6635 6809
6637 9240
6638 7336
6643 7880
6647 9119
6648 7729
6653 8561
6653 8797
6661 8529
6662 8655
6664 7187
6664 8035
6667 9179
6667 8333
6669 8275
6670 7366
6675 8752
6676 8096
6677 6780
6683 7677
6684 7011
6687 9877
6688 8706
6688 8055
6690 6915
6691 7842
6691 9417
6693 7771
6699 8965
6700 7157
6702 8967
6703 8824
6703 7102
6704 6811
6706 8308
6707 6855
6708 7768
6709 7848
6712 8610
6714 8209
6714 7043
6718 8834
6718 7675
6721 6764
6729 9558
6732 8977
6732 9292
6733 9668
6736 6966
6739 8866
6740 8651
6743 7074
6747 8104
6749 9741
6750 9206
6758 7685
6761 7943
6762 9075
6766 9971
6768 6872
6770 8257
6770 7715
6771 8483
6775 8746
6778 8981
6780 9411
6782 9753
6794 8850
6794 8611
6795 9524
6795 7595
6802 8760
6808 7956
6820 7111
6821 9816
6822 8770
6822 9332
6825 8555
6826 8126
6826 7327
6827 9098
6828 9364
6831 8448
6831 9629
6835 9611
6837 8109
6838 9284
6838 7720
6839 8916
6843 8790
6845 9951
6850 8181
6850 8011
6853 9570
6854 7211
6864 7475
6865 8500
6869 7924
6871 7113
6872 7577
6875 7814
6875 7660
6877 9894
6883 6891
6884 8543
6885 7474
6886 8049
6886 9164
6894 8952
6896 9247
6897 8757
6898 8950
6901 8612
6901 7403
6904 7306
6904 8412
6905 8397
6908 7285
6909 7159
6912 7734
6912 7799
6919 6992
6920 8873
6921 8234
6921 8047
6928 7709
6929 8806
6930 7288
6933 6990
6936 9618
6941 7630
6946 9155
6951 8593
6954 7959
6958 8420
6960 7356
6961 8621
6966 8815
6972 7225
6972 9983
6973 7400
6984 8912
6988 9176
6989 8811
6994 9084
6995 9929
6999 9793
6999 7501
7001 8813
7004 9746
7005 8679
7006 8991
7007 9644
7009 9397
7015 7841
7017 7109
7019 9483
7025 8624
7026 7368
7038 8462
7040 8452
7040 7566
7047 8317
7053 8296
7053 8044
7058 8531
7059 7920
7063 9473
7071 8987
7077 8130
7077 8935
7080 9811
7084 7599
7089 8704
7089 7803
7090 9623
7091 8794
7096 9408
7104 7430
7105 7668
7110 8856
7116 8075
7123 7358
7127 8683
7130 7176
7131 7293
7133 8769
7141 7666
7148 7330
7149 9281
7151 8292
7151 8409
7152 8470
7154 8727
7160 7865
7162 7382
7162 8135
7162 9096
7166 8889
7167 7257
7171 9460
7173 7775
7176 9024
7180 9553
7180 9379
7181 8339
7184 9296
7187 9152
7189 7271
7194 7695
7196 8960
7201 9028
7201 7574
7201 7550
7203 7218
7206 9032
7211 8394
7219 8197
7219 8559
7224 8926
7226 8356
7228 8729
7233 8210
7234 8883
7241 7605
7241 9354
7242 8527
7245 8516
7247 7689
7248 9360
7254 9519
7266 8682
7268 7733
7268 8025
7272 8103
7273 7357
7275 9369
7280 8374
7287 9740
7294 7372
7297 9243
7299 7789
7301 9604
7311 9857
7312 9444
7315 8108
7323 7821
7329 8922
7346 7918
7348 8307
7354 9940
7354 8086
7355 9936
7355 9606
7358 8616
7359 9476
7364 9030
7367 9135
7367 9199
7368 9005
7370 8250
7370 9101
7377 9992
7383 9107
7389 9185
7396 8792
7396 9819
7406 8568
7407 9110
7409 9637
7409 9384
7411 9269
7414 8251
7424 9236
7429 9774
7430 8303
7431 8147
7439 9219
7439 8730
7449 9503
7452 8901
7455 8157
7458 9738
7459 9238
7460 8267
7465 9390
7473 8236
7474 9472
7483 8510
7486 9168
7489 9194
7491 7639
7496 9207
7498 9175
7501 9974
7511 7957
7518 8606
7519 7976
7522 8513
7522 8072
7528 8498
7543 7871
7543 9871
7546 7610
7548 9846
7554 9874
7558 8216
7567 8506
7572 9724
7576 9512
7576 8156
7578 9174
7581 8094
7585 8755
7596 9338
7599 8434
7600 8090
7601 8509
7605 8609
7605 8324
7606 8067
7608 9376
7612 9726
7619 8524
7620 8594
7626 7960
7626 9144
7629 8366
7632 7791
7634 9305
7635 8982
7637 8373
7641 8894
7643 9392
7643 8484
7645 8464
7652 9434
7652 9087
7653 8678
7659 8785
7661 8131
7662 8639
7665 8041
7667 9782
7668 9981
7673 7684
7673 8350
7676 8934
7682 8273
7686 8178
7689 9361
7692 8825
7693 8618
7710 8083
7710 8021
7710 8026
7711 9067
7715 8119
7717 8450
7719 8808
7722 7781
7723 9181
7730 8872
7739 9053
7752 9161
7755 9806
7758 8440
7759 7872
7759 9960
7759 9593
7760 8712
7763 9433
7766 7869
7771 8765
7783 8637
7785 8020
7791 9881
7795 9258
7800 9745
7804 8879
7805 9406
7808 9853
7816 7889
7816 8046
7818 8171
7826 8206
7829 7857
7829 8461
7832 9172
7835 8802
7835 8410
7839 8556
7841 7997
7842 9035
7843 8052
7845 8970
7847 8387
7866 9440
7871 9410
7872 9232
7875 8457
7876 8947
7876 9750
7879 8929
7885 8694
7901 7937
7927 9491
7930 9508
7947 8398
7957 9452
7959 7983
7961 9681
7963 8520
7966 8054
7968 9880
7976 8162
7980 8015
7983 9621
7985 8674
7986 9973
7989 8582
7991 8314
8000 9407
8003 9609
8007 8089
8013 9074
8013 9966
8014 8886
8017 9077
8019 8810
8023 8343
8024 9402
8030 8489
8034 8945
8034 9826
8036 8253
8037 8229
8040 9847
8047 9200
8049 8827
8055 8070
8063 8507
8080 9528
8082 8630
8083 9448
8083 8796
8085 8579
8093 9522
8093 8117
8093 9438
8096 8371
8096 9358
8112 9862
8117 9336
8120 8862
8121 9080
8124 9034
8128 8574
8135 8298
8140 8368
8145 8168
8145 9373
8146 9462
8147 9679
8156 8656
8160 8880
8161 8217
8164 8304
8168 9426
8170 9201
8170 9967
8172 8471
8173 9998
8180 9469
8190 9823
8191 8642
8200 8280
8210 9536
8210 9990
8211 9105
8212 9703
8215 9615
8218 9977
8224 9518
8225 9320
8235 8429
8236 9813
8239 9723
8240 9274
8241 9842
8245 8254
8247 8921
8252 9761
8255 8572
8261 9344
8263 8477
8264 8369
8264 9375
8272 8930
8273 8902
8288 9345
8297 8720
8307 9504
8313 9196
8314 8614
8315 9022
8322 8787
8327 8453
8334 8626
8335 9676
8342 8353
8355 9612
8372 8432
8424 9394
8440 9662
8443 8884
8443 8874
8446 9904
8448 9489
8453 8476
8455 9696
8463 9227
8466 9540
8468 9353
8472 9252
8473 8878
8474 9560
8492 9063
8516 9592
8523 9289
8527 9342
8528 9120
8530 9677
8562 8933
8565 9552
8570 8805
8572 8860
8575 8733
8580 9757
8582 9844
8587 9922
8589 8687
8593 9603
8598 8917
8600 9961
8603 9865
8606 9117
8607 8744
8611 9614
8617 8840
8620 8865
8648 9019
8649 9773
8652 8867
8653 8913
8655 8919
8662 9545
8685 8946
8689 9709
8692 9635
8693 9617
8700 9525
8702 9095
8712 9869
8717 9493
8737 9797
8740 9245
8748 8927
8755 8779
8757 9650
8763 9924
8766 9085
8769 9863
8792 9058
8797 9700
8801 9423
8806 8979
8809 9716
8815 8893
8815 9357
8821 9352
8822 9840
8825 9031
8848 9468
8865 9228
8873 9505
8873 9286
8885 9177
8902 8998
8911 9471
8933 9141
8935 8993
8945 9861
8958 9273
8962 9270
8963 9568
8970 9913
8978 9939
8982 9764
8996 9182
8997 9841
9002 9488
9005 9233
9018 9832
9036 9647
9038 9643
9045 9315
9055 9127
9095 9253
9112 9915
9114 9767
9131 9714
9160 9987
9194 9923
9211 9393
9212 9322
9216 9427
9222 9669
9228 9446
9239 9792
9240 9976
9244 9514
9298 9533
9320 9802
9343 9965
9352 9673
9368 9856
9397 9955
9431 9542
9486 9731
9494 9854
9545 9815
9548 9941
9556 9752
9570 9882
9610 9762
9624 9719
9630 9784
9656 9994
9749 9962
9750 9755
