10000
0 1
0 81
0 385
0 2
0 132
0 10
0 139
0 12
0 7453
0 5534
1 386
1 3
1 6
1 374
1 6182
1 5927
1 40
1 5083
1 5451
2 5
2 1765
2 7
2 8
2 137
2 2314
2 11
2 15
2 4079
2 211
2 1971
2 1494
2 23
2 473
3 4
3 660
3 21
3 616
3 30
4 160
4 1026
4 169
4 1114
4 510
5 64
5 320
5 17
5 305
5 657
5 180
5 9
5 203
5 219
5 5327
6 116
6 1151
7 35
7 99
7 915
7 101
7 1016
7 41
7 618
7 189
7 175
7 271
8 18
8 19
8 51
8 20
8 54
8 153
8 123
8 7083
8 13
8 14
9 277
9 901
9 8071
9 2457
9 570
9 2683
9 3275
9 190
9 31
9 3007
10 96
10 34
10 482
10 22
10 1383
10 75
10 91
10 9115
10 29
11 275
11 3268
11 6293
11 3671
11 168
11 1192
11 1592
11 4009
11 44
12 609
12 133
12 1607
12 25
12 27
12 207
13 16
13 3216
13 24
13 266
13 334
14 163
14 90
14 1610
14 283
14 523
14 28
14 831
14 2095
15 52
15 982
15 6425
15 26
15 141
15 191
16 3315
16 2980
16 5494
17 546
17 39
17 856
17 639
17 3471
18 4963
18 7411
18 1653
18 152
18 809
18 236
18 45
19 257
19 50
19 419
19 603
19 655
20 1920
20 49
20 611
20 517
20 73
20 1257
20 650
20 124
21 326
21 520
21 365
21 5919
22 65
22 747
22 77
22 174
22 143
23 353
23 3938
23 53
23 1085
24 6818
24 1107
24 149
24 734
25 209
25 213
25 1573
25 102
25 679
25 88
25 430
26 4335
27 32
27 8080
27 1814
27 72
27 5288
27 42
27 1470
27 3631
27 4015
28 1094
28 1049
28 1211
28 766
29 33
29 5223
29 1307
29 6059
30 36
30 37
30 3592
30 826
31 480
31 1072
31 450
31 3341
31 9181
32 2467
32 38
32 182
32 1129
32 1311
33 128
33 2197
33 3307
33 110
34 273
34 3987
34 47
34 1087
35 1126
35 634
36 2577
36 165
36 2089
36 2922
36 46
36 799
37 48
37 338
37 564
37 1432
37 74
37 43
37 459
38 70
38 5798
38 972
38 429
38 861
39 642
39 1082
39 94
40 402
40 247
40 107
41 241
41 274
41 86
41 3270
41 781
41 3262
42 1089
42 1475
42 662
42 1382
42 78
42 206
42 3086
43 9634
43 2710
43 983
43 7562
43 59
43 3163
43 300
43 380
43 3406
43 3582
44 66
44 1202
44 693
44 136
44 4008
44 4185
44 443
45 1045
45 4605
46 144
46 146
46 403
46 84
46 1301
46 56
46 58
46 154
46 717
47 98
47 162
47 2738
47 68
47 55
47 471
47 475
47 76
47 7245
47 3183
49 337
49 117
49 150
49 1850
49 6154
49 187
49 3148
50 705
50 755
50 2099
50 345
50 748
51 4080
51 9409
51 728
51 1720
52 151
52 5821
53 322
53 1177
53 2201
53 635
53 8701
53 222
54 387
54 2468
54 69
54 4969
54 411
55 720
55 756
55 3560
55 393
55 779
55 3870
55 79
56 4880
56 1331
56 6373
56 87
56 439
56 57
56 171
56 60
56 204
57 214
57 120
57 296
58 1634
58 67
58 85
58 103
58 1447
58 126
58 622
58 63
59 1552
59 7057
59 147
59 9430
59 615
59 1784
59 5273
59 654
59 9022
60 1652
60 426
60 5515
60 61
60 62
60 158
61 706
61 281
61 250
61 796
62 1073
62 201
62 122
62 1034
62 2463
63 1056
63 388
63 5125
63 8486
63 569
63 7530
63 8523
64 83
64 851
64 6409
64 138
64 2268
64 511
65 433
65 561
65 1204
65 106
66 2321
66 466
66 1526
66 167
66 3801
66 398
67 5587
67 764
67 1773
67 6493
68 9921
68 563
68 7190
68 472
68 2760
68 9736
68 105
68 729
68 730
68 2538
68 95
69 659
69 1715
69 6244
69 261
69 1531
69 493
70 71
70 3385
70 5388
70 813
70 4061
71 1313
71 131
71 1203
71 406
71 680
71 6060
71 526
72 321
72 82
72 1418
72 127
73 486
73 135
74 497
74 404
74 199
74 121
74 3626
74 1035
75 97
75 3729
75 3797
75 1451
76 256
76 129
76 5317
76 5254
76 265
77 80
77 1476
77 2917
77 252
77 109
77 414
78 6786
78 1731
78 839
78 140
78 3326
78 1519
79 2114
79 92
79 108
79 4751
80 3106
80 7031
80 104
80 89
80 1306
80 623
81 1794
81 1380
81 5581
81 7165
81 5343
83 115
83 1141
83 3802
84 113
84 194
84 118
84 442
85 6584
85 332
85 285
85 223
86 100
86 1412
86 5351
87 3141
87 2459
87 205
87 142
88 4528
88 3733
88 278
88 8871
88 254
89 754
89 556
89 447
90 528
90 449
90 1745
90 114
90 5444
90 267
91 7505
91 1858
91 9751
91 362
91 5002
91 3580
91 93
92 2912
92 771
92 2643
92 9797
92 585
93 1041
93 130
93 170
93 3946
94 3635
94 1700
94 5848
94 9560
94 1194
95 866
95 2818
95 4453
95 951
95 824
95 6538
95 1659
96 161
96 689
96 7089
96 873
96 2139
97 1433
97 907
97 5853
98 721
98 3265
98 5011
98 436
98 2084
98 613
98 725
99 260
99 308
99 1316
99 872
99 1224
99 1423
100 504
101 192
101 3136
101 1057
101 5347
101 596
101 2247
102 229
103 1232
103 2387
103 212
103 1782
103 887
103 1262
104 1459
104 134
104 2551
104 157
104 3391
105 112
105 307
105 8755
105 488
106 369
106 7681
106 1554
106 1620
106 5364
106 166
106 3110
106 5159
106 5144
106 1981
107 1856
107 710
107 1414
107 280
107 445
107 1759
108 304
108 537
108 251
108 125
109 3792
109 5361
109 3401
109 1146
109 5738
109 588
110 2612
110 111
111 1617
111 1969
111 226
111 148
111 2662
111 3624
111 382
112 145
112 610
112 3545
113 119
113 508
113 988
113 591
114 464
114 5872
114 200
114 7513
114 2266
115 237
115 159
116 401
116 1236
116 235
116 2365
116 3790
116 399
117 240
117 1456
117 381
118 4785
118 4067
118 2582
118 313
118 156
118 2797
118 302
118 814
118 367
118 8639
119 2571
120 5424
120 707
120 1478
120 4251
120 7149
120 1647
121 5748
121 521
122 4939
123 8673
123 233
123 2217
123 4621
123 9534
124 371
124 215
124 5047
124 363
124 3723
124 798
124 6447
125 6048
125 195
125 4131
125 581
125 540
126 3538
126 276
126 173
126 750
127 1133
127 5837
128 7776
128 318
129 6449
129 243
129 181
129 697
129 4748
129 2942
130 704
130 691
130 1507
130 342
130 183
130 427
130 5103
131 5930
131 908
131 5436
132 1913
132 186
132 155
132 5435
132 2222
133 692
133 2324
133 6164
133 248
133 5739
133 238
134 225
135 1137
135 2081
135 9284
135 1575
135 202
135 4559
136 514
136 850
136 547
136 1315
136 2883
136 1941
136 390
137 5680
137 8954
137 172
137 301
137 1405
138 448
138 258
138 7221
138 230
138 279
138 8073
138 282
139 2484
139 311
139 188
140 343
140 344
140 617
141 7216
141 2532
141 567
141 871
142 176
142 7728
142 1409
142 834
142 579
144 6658
144 998
144 234
145 602
145 463
146 757
146 790
146 3081
146 1677
147 418
147 179
147 2325
147 198
147 284
148 290
148 422
148 1002
148 636
149 2066
149 164
149 2773
149 4438
149 1178
149 2814
149 303
150 1608
150 5128
150 3146
150 1003
150 7195
151 593
151 1587
151 327
151 3308
152 355
152 196
152 1157
152 378
152 4762
152 924
153 3511
153 4552
153 7275
153 1295
154 177
154 228
154 1110
154 7288
155 7744
155 210
155 9687
155 761
155 1641
155 1643
155 460
155 5405
156 2004
156 1373
157 2806
157 1882
158 417
158 1811
158 645
158 5589
158 391
158 490
159 1388
159 255
160 2659
160 341
160 1066
160 893
161 239
162 244
162 1477
162 712
162 4088
162 185
162 5916
163 624
164 288
164 2070
164 8937
164 7707
164 5421
164 638
165 178
165 1122
165 259
165 456
165 329
165 317
165 926
166 1010
166 197
166 582
166 2183
166 507
166 6446
166 1231
167 2896
167 7937
167 882
167 9957
167 4734
168 4368
168 242
168 9362
168 4695
168 216
168 923
168 269
169 1125
169 218
169 2075
170 641
170 245
170 678
170 4430
171 346
172 8754
172 536
172 4924
173 785
173 1318
173 220
174 193
174 676
174 1605
174 3990
174 1851
174 3519
175 8649
176 184
176 3832
176 8475
178 272
178 4848
178 1893
178 7046
178 647
178 714
179 246
179 716
179 6380
180 1450
180 4557
180 5965
181 368
181 425
181 557
182 4644
182 298
182 1678
183 6871
183 2169
183 319
184 1170
186 1523
187 227
187 3092
187 599
187 1768
187 2159
188 1539
188 9926
188 1612
188 9180
188 6030
190 262
190 347
190 1070
191 1464
191 1017
191 2971
191 221
191 4317
191 6126
191 5311
192 9508
192 249
192 2649
192 506
192 1516
193 2512
194 2947
194 550
194 598
194 263
195 5616
195 898
196 4768
196 1649
196 1841
196 1953
196 6965
196 297
196 1566
197 2288
197 9346
197 5270
197 4668
197 3999
198 807
198 2076
198 2047
199 920
199 2392
200 3233
200 291
200 2989
201 352
201 6752
201 7985
201 1874
201 885
201 4230
201 3004
201 349
202 2135
202 440
202 1229
202 1293
203 5874
203 454
203 1689
203 587
204 4930
204 8884
204 5192
204 217
204 1691
204 847
205 1537
205 4241
205 9347
205 9399
206 3251
206 1892
206 9972
206 649
206 682
207 208
207 432
207 4485
207 7999
208 837
208 423
208 2327
208 2377
208 5994
208 1932
209 740
209 7430
209 253
209 3310
210 437
210 5163
211 769
211 1633
211 2323
211 552
212 2804
212 699
213 5170
213 583
213 264
213 383
214 6624
214 8561
214 8339
214 231
214 7277
215 224
215 4502
215 476
216 6777
216 973
216 1997
216 575
216 1535
217 294
217 1894
217 2455
217 270
217 1359
218 3955
218 829
218 1198
219 3670
219 295
219 937
219 4556
219 942
220 1777
220 1092
220 9270
220 1819
221 2005
221 535
221 328
221 4891
221 268
222 7621
222 2925
223 1648
223 819
223 6595
224 8165
224 574
225 5502
226 1520
226 2386
226 392
226 428
226 2525
226 2239
227 3568
227 389
227 2758
227 1866
227 571
228 232
230 7281
230 530
230 3075
230 5332
230 502
230 823
231 2017
231 306
231 804
231 4247
231 538
231 364
232 3121
232 7545
232 671
233 770
233 726
233 9706
233 3276
234 4176
234 562
234 604
234 573
235 1667
235 2312
235 666
235 892
235 1228
235 9916
236 339
236 6868
236 8004
236 694
236 4826
236 412
237 3944
238 375
238 1480
239 835
239 7573
239 762
239 3595
239 478
240 4756
240 1753
240 9673
240 1563
241 3395
241 1876
241 941
242 6067
242 1334
242 408
242 1100
242 2332
243 880
243 930
243 356
243 407
243 1160
244 801
244 2625
244 5028
244 1343
245 549
245 470
245 3934
247 1332
247 5228
248 9348
248 293
248 1799
248 1705
248 474
248 4078
249 838
249 1321
250 919
250 2712
250 2522
250 316
251 2292
251 1709
252 1824
252 5794
252 1062
252 711
252 2136
252 413
253 1522
253 597
253 1845
253 377
254 513
254 979
254 324
255 577
255 2920
255 554
255 5835
256 1104
256 465
256 1668
257 3316
257 713
257 1387
257 5118
257 527
257 559
258 9585
259 4818
259 483
259 5561
259 2380
260 9616
260 625
260 323
260 2443
260 2974
261 2485
261 1176
261 1864
261 5466
261 1102
262 944
262 1571
262 325
262 6406
262 9258
263 3815
263 5774
264 2976
264 722
264 1410
264 4195
264 501
264 841
264 396
264 350
265 4705
265 3434
265 2924
265 959
266 899
266 2803
266 2184
266 541
267 2464
267 372
268 421
268 2105
270 548
270 2853
270 376
270 3803
271 800
271 310
271 312
272 1218
272 2018
272 614
272 6124
273 5697
273 5557
273 5591
273 3866
273 5531
273 286
273 8319
274 420
274 1558
274 1255
274 9119
275 384
275 784
275 1147
275 4651
275 7787
275 9644
276 3300
276 330
276 6539
276 3052
277 309
277 2790
277 7210
277 783
278 435
278 491
278 1711
279 336
279 292
279 1590
279 888
279 3133
279 5503
280 5264
280 289
280 3025
280 315
280 1916
280 1165
280 351
281 2088
281 5721
281 5005
281 287
282 2514
282 2615
282 1032
282 1352
282 366
283 3296
283 545
283 2002
283 2051
283 1046
283 1622
283 551
283 7319
284 5984
284 8104
284 1578
284 348
285 1230
286 1682
286 708
286 632
286 5164
287 1473
287 2836
287 1413
287 2711
287 1449
288 354
288 2420
288 6504
288 1561
288 1386
288 299
288 335
288 3599
289 600
289 3673
289 6553
289 3836
290 2252
290 333
290 1565
291 1512
292 2560
292 1604
292 1701
292 2984
292 698
292 4062
292 1823
293 4150
293 2056
293 6794
294 723
294 1179
294 5101
295 481
295 651
295 8847
296 373
296 1788
296 8078
297 2854
297 359
297 967
298 3363
299 7890
299 515
299 2774
299 1807
300 400
300 1808
300 1872
300 4870
300 424
300 1979
301 5664
301 9484
302 2524
303 1747
303 1966
304 544
304 1187
304 458
304 5292
304 7148
305 395
305 6415
305 9151
306 457
306 379
306 6332
306 4638
307 1377
307 2579
307 8953
307 2618
307 6895
308 2337
308 2952
308 394
308 397
309 1019
309 9532
309 431
310 499
310 1284
310 3861
310 905
311 774
311 902
311 2504
312 5225
312 589
312 703
313 736
313 2096
313 1446
313 314
313 3277
314 1362
314 2210
314 2500
314 4959
314 7711
315 1637
315 1097
316 1936
316 2403
316 5541
316 358
317 1171
318 4179
318 4262
318 3099
318 1245
318 2317
318 9791
319 912
319 6738
319 8552
319 441
320 467
320 743
320 4072
320 410
320 670
321 8882
321 6647
321 4920
321 2109
321 751
322 2466
322 7909
322 568
322 3612
322 5630
322 7007
323 7536
323 4327
323 8458
324 340
324 360
324 6125
324 479
324 1023
325 1105
325 578
325 5250
325 1940
325 2574
326 498
326 2140
326 1103
328 661
328 331
329 3900
330 1024
330 741
330 4280
330 1113
330 2157
330 415
331 3169
331 1736
331 4585
331 5564
331 2333
333 5337
334 8944
334 1444
335 2835
335 7415
335 1820
335 1117
336 5780
336 8340
336 4719
337 6040
337 857
337 1305
338 3305
338 1276
339 7106
339 981
339 2438
339 2203
339 732
340 7837
341 6064
341 1746
341 620
342 933
342 1109
342 1289
342 1739
342 5116
343 361
343 2700
343 6093
344 840
344 525
344 5325
345 644
345 1556
346 6180
346 863
347 6779
347 1196
348 656
348 2860
348 1199
349 4353
349 6899
349 1636
349 805
349 5350
349 1064
349 2969
349 731
349 6939
349 718
350 485
350 522
350 2799
351 4433
351 1860
351 357
351 5658
352 3153
352 2027
353 4069
353 409
354 828
355 1762
355 3567
356 738
356 1108
356 4059
357 8880
357 3649
357 1491
357 862
358 370
358 627
358 1061
358 5671
358 509
359 5474
359 405
359 9766
359 3128
360 1778
361 1392
361 1275
362 451
362 444
363 7363
363 984
364 9489
364 867
364 1591
365 484
365 775
365 3879
365 876
366 5121
367 2728
367 1453
367 3901
368 945
368 1269
368 1848
368 2143
369 752
369 628
369 1099
369 2302
370 1112
371 4916
371 1291
371 461
371 990
371 735
372 576
372 2357
373 6705
373 469
373 6022
373 6221
373 1407
374 2294
374 1128
374 539
374 667
374 1743
375 518
375 2520
375 2057
375 2058
375 2794
377 793
377 6015
378 455
378 446
378 1630
379 4177
379 2948
379 9477
379 4631
380 709
380 9406
380 1215
381 3795
381 7668
382 776
382 489
383 870
383 1014
384 3505
384 1018
385 1793
385 4235
385 701
386 1123
386 1375
386 1871
387 601
387 495
388 5856
388 605
388 1486
389 928
390 7229
391 434
391 6754
392 416
392 938
392 9246
393 1220
393 2308
393 4188
394 496
394 3185
394 595
395 453
395 2373
395 3381
395 2600
395 2010
396 960
396 1043
396 3988
396 1254
396 1798
396 1095
396 1148
397 675
397 677
397 2204
397 4158
398 2657
398 2994
398 3282
398 2857
399 4215
399 2009
399 2955
399 2205
399 2190
400 2408
400 1801
400 987
400 5742
400 1679
401 935
401 1757
403 742
403 1606
403 3481
404 1863
404 2617
404 1755
404 8671
405 2801
405 4921
405 2990
406 560
406 5298
406 904
406 745
406 1694
407 2914
407 5493
407 1001
407 2927
408 1366
408 1225
409 786
409 3939
410 3776
410 2946
410 4309
410 7035
410 1294
411 2898
411 1397
411 630
411 4859
411 2174
412 803
412 1174
412 1959
412 936
412 1594
412 859
412 2364
413 672
413 864
413 4304
413 1285
413 9176
413 2255
414 976
414 2180
415 612
415 810
415 1642
415 2778
415 572
416 848
416 1809
416 681
416 558
416 1806
417 2228
417 1221
417 663
418 8433
418 468
418 1880
418 542
418 1662
419 2602
419 1805
420 4501
420 2279
420 5145
420 524
421 8875
421 1007
421 9263
422 6299
422 2350
423 768
423 5188
423 9524
424 487
424 9704
424 4506
425 8307
425 2966
425 1995
425 4669
426 532
426 565
426 519
426 3992
427 2038
427 4423
427 767
428 516
428 5414
428 760
428 1481
429 5936
429 1282
429 669
429 494
430 1401
431 4744
432 4248
434 438
434 5542
434 503
434 1672
434 2891
435 8787
435 3321
437 3425
437 917
438 913
438 3625
439 3107
439 2389
439 2934
439 970
439 1466
439 7178
439 6908
440 3810
440 8694
440 2440
440 5710
441 744
441 2893
442 4083
442 4243
442 7242
442 2539
443 2465
443 2390
443 1159
443 1998
444 1201
444 6913
444 452
444 868
445 1033
445 5003
446 2151
446 5066
446 891
446 6927
447 1434
447 477
447 462
448 683
448 606
448 943
449 512
449 5617
451 3026
451 8358
451 505
453 2567
454 2469
454 619
456 2236
457 2016
457 5080
458 1912
458 1786
458 1835
459 739
459 533
459 1832
459 1849
460 1968
460 906
460 1452
460 4239
461 1339
461 5452
462 4242
462 1130
462 957
463 5048
463 2267
464 3796
464 3286
464 1101
465 3495
465 8505
465 685
465 1309
466 6034
466 566
466 8662
466 4220
466 1214
467 2137
467 7082
468 7699
468 5384
469 3393
469 1140
469 8506
470 1952
470 961
470 4337
470 1686
470 2441
470 1994
470 6334
472 7827
472 3414
472 5305
472 9755
472 4254
472 8367
473 8762
473 1787
473 590
474 1500
474 1950
474 2126
475 4995
475 980
475 1509
475 492
476 500
477 7270
477 2970
478 3101
479 580
479 2541
479 895
480 1767
480 8168
480 2569
481 4274
481 789
483 1248
483 4802
483 7775
484 1840
484 586
484 877
485 1843
485 820
485 2108
486 4003
486 955
486 1628
486 2062
487 534
487 1357
487 2686
488 1180
489 7939
489 1319
490 6562
490 6035
490 5668
490 2134
490 858
491 1186
491 4484
491 668
491 4878
493 4068
493 553
493 8011
493 1455
494 1698
494 1063
494 1498
494 3371
494 3487
495 4503
495 2669
495 5038
496 929
496 1013
496 1463
496 2872
496 5149
496 3903
497 5216
497 994
497 531
497 2214
498 4931
498 7413
498 765
499 7945
499 1132
499 845
500 1124
500 7193
500 3130
501 1093
501 3399
501 8616
501 842
501 8522
501 4619
502 4883
502 5189
502 2505
502 555
502 2238
502 5551
503 763
503 5676
503 4303
503 6591
504 3875
505 890
505 3196
506 2144
506 5194
507 6374
507 2791
507 4071
508 1011
508 821
508 2487
508 2919
508 653
508 3613
508 9117
508 1006
509 3009
509 1618
509 1690
509 1644
510 2148
510 773
510 696
510 2077
511 1173
511 1567
512 658
512 5523
513 1623
514 2705
514 5522
514 3459
514 3327
515 1435
516 1723
516 3823
517 1297
517 2516
517 1818
518 1083
518 2655
519 6716
520 7850
520 2011
521 3574
521 584
521 1341
521 1279
522 643
522 2740
522 2078
523 529
523 7730
523 1898
524 9332
524 812
524 797
525 5713
525 1227
527 978
527 3881
527 2478
527 6942
527 7967
528 9161
528 2091
528 9647
530 1441
530 1619
530 950
530 7272
530 8968
531 674
531 1534
532 4801
532 1411
532 4084
532 1960
532 875
532 733
533 2869
533 637
533 543
534 5750
535 1267
535 6646
535 8391
535 1081
535 4937
535 6217
536 652
536 9372
536 6621
537 1376
537 1274
538 608
538 1172
538 2249
539 2480
539 2145
539 5683
539 2231
539 9432
540 4951
541 1324
542 6587
543 947
543 6104
543 844
543 7036
544 1538
544 4819
544 6923
545 1312
545 1555
545 1325
546 688
546 1155
546 4537
546 607
546 3375
547 2488
547 8958
548 3105
548 4113
548 626
548 1270
548 1354
548 700
548 6876
549 1322
549 1022
549 6878
550 640
550 894
550 2287
551 8436
551 1260
551 749
552 918
552 1544
552 3214
553 3967
554 5155
554 853
554 646
554 969
555 3104
555 2355
555 4291
555 4660
555 869
555 6229
555 664
555 1115
555 2171
556 3313
556 2499
557 1665
557 3958
557 9501
558 3089
558 2003
558 6118
559 3279
560 4017
560 2021
561 2784
561 1921
562 5704
562 1419
562 1839
563 690
563 3608
565 1136
565 2080
565 2102
565 8999
565 780
566 1899
567 897
567 999
568 7907
569 5382
569 5447
569 633
570 2865
570 1906
570 8638
571 2506
572 2537
573 8164
574 971
574 1756
575 949
575 2856
576 1725
576 830
577 2352
577 922
578 592
578 2130
578 903
578 2682
579 1138
579 1283
579 4646
579 1503
580 4432
580 2610
580 3292
581 3522
581 6471
582 8215
582 3432
582 811
583 1570
583 5641
583 8510
584 1330
584 724
584 4180
584 1047
584 2442
584 8298
585 2400
585 1545
586 1008
586 9810
586 6317
587 6529
587 9491
587 3524
587 7140
587 2542
589 9474
589 1928
589 3544
590 6401
590 7550
591 1328
591 2272
591 753
591 594
591 852
591 3929
591 3547
591 2381
592 932
592 2426
593 687
593 815
594 802
594 4887
594 8007
594 2811
594 3259
595 1144
595 8303
596 3633
596 914
596 5142
596 2732
597 4066
597 5938
597 6195
597 3396
597 3893
597 1340
597 7213
598 4754
598 963
598 5475
598 3111
599 6203
599 3455
600 1462
600 7307
600 6111
601 3973
601 968
602 2931
602 791
602 1496
602 1853
603 629
603 1127
603 648
603 1355
604 1389
605 939
605 4285
606 5123
607 4851
607 1508
607 1050
608 1207
608 684
608 1310
609 1219
609 3289
610 5576
610 8191
611 1722
611 6906
611 4271
612 2433
612 2897
612 2194
612 621
612 2605
613 1209
613 3833
613 3837
613 958
614 1342
614 2767
615 673
615 5211
616 1904
617 746
617 8540
618 1327
620 1069
620 2750
620 879
621 2578
621 631
621 1098
621 1402
621 940
622 6438
622 4409
623 2409
623 7757
623 1038
624 7250
624 1562
624 1467
624 1391
624 3231
625 9235
625 715
625 2319
626 1120
626 6134
627 6330
627 1611
627 5340
628 1044
628 5381
628 6790
628 1015
629 832
629 6582
629 2220
630 8736
630 1390
631 1249
631 2733
632 1349
632 4566
633 1025
633 5302
633 1400
634 5885
635 3314
635 3907
635 6600
635 6509
635 911
636 2586
636 827
636 5308
636 686
636 974
637 1323
638 1240
639 9764
639 808
641 3993
641 2847
642 966
642 5855
643 1152
643 3759
644 4406
644 2697
645 1268
645 3877
645 3559
646 1972
647 772
647 2789
647 8557
648 2964
648 3287
648 2280
648 3018
648 7661
649 2181
649 3210
649 5899
649 991
650 8481
650 4199
650 5643
651 2470
652 3822
653 1588
654 6898
654 3175
654 3164
655 3162
655 3324
656 3332
656 1482
656 6139
657 5703
657 7735
657 4617
657 7578
658 3378
658 9693
658 1358
659 1169
659 4805
659 860
659 2703
660 1430
660 1048
660 5243
662 2690
662 2295
662 7579
662 1934
662 1071
663 665
663 3614
663 7806
664 2434
664 4137
664 7481
664 9262
665 7683
665 822
665 8294
665 7159
666 695
666 1384
667 2068
667 3876
667 5124
668 2100
668 3514
668 7786
669 9448
669 2587
669 9951
670 6368
670 2025
670 4270
670 5727
671 9285
672 4468
672 1802
672 1869
672 5133
672 702
673 806
673 7478
673 1385
673 2221
673 3182
674 4773
674 2423
674 777
675 1764
676 1371
676 1483
677 952
677 5565
677 1918
678 4697
678 3754
678 3917
679 8529
679 1190
679 2937
679 1258
680 849
680 3254
680 989
681 2132
681 2026
682 3778
683 1378
683 2614
684 2810
684 2972
684 5645
684 3006
685 3062
685 5686
686 1040
687 1361
687 2769
687 4111
688 7048
688 8888
688 1919
689 6370
689 4399
690 1300
690 6565
690 4010
690 5389
691 2665
692 946
692 1890
693 1986
693 2118
693 1436
694 2864
694 8209
694 3194
695 1719
695 8423
695 719
695 2351
696 977
697 3904
697 8822
697 3543
697 5720
697 9274
697 5151
698 1460
698 5702
698 1740
699 1569
699 758
699 1164
700 2178
700 889
700 4396
700 7340
701 3441
701 886
701 778
701 954
702 1439
703 1394
703 1688
704 1217
704 3027
704 727
704 1646
705 1955
706 865
706 1862
706 4038
706 9486
707 9866
707 1067
707 3693
707 2303
708 4664
708 1243
709 883
709 2761
709 795
710 9224
710 3338
710 6637
711 1088
711 1189
711 953
711 9403
711 1422
712 2688
712 1009
712 2339
712 1237
713 1266
713 2631
713 6047
714 1314
714 759
714 1161
714 1790
715 9089
715 3714
715 1135
716 896
716 737
716 3387
717 2065
717 1346
717 1012
719 1251
719 3331
720 1223
720 6491
720 3966
721 8865
721 787
722 3206
722 2716
722 9487
723 855
723 9304
724 1028
724 4520
724 5353
725 1987
725 9334
725 3819
725 1791
726 9859
726 948
726 4164
726 4133
726 6984
726 1645
726 2207
727 4168
728 7712
728 788
728 6534
728 1247
729 8920
729 3097
729 4428
731 3828
731 782
732 4947
732 5109
732 1145
732 2781
732 1086
733 1058
733 5639
734 8503
734 3336
734 1770
734 5754
734 3019
735 3895
735 7848
735 5214
736 8912
736 3380
736 1288
736 1004
737 825
738 4534
739 4227
739 9783
739 909
739 1005
740 7490
740 2371
740 1142
740 1897
740 2553
740 2363
740 5915
740 1710
740 4159
741 1208
742 1363
742 3462
742 4281
743 1724
743 5804
743 6398
743 1119
744 5314
744 3656
745 9157
745 1369
745 3322
745 2477
745 3951
746 833
746 5538
746 7432
746 7051
746 9310
747 6996
747 2695
748 9154
748 3753
748 1054
749 921
749 843
750 836
750 2534
750 1303
750 9431
750 1116
750 1614
751 5108
751 8873
751 5979
751 9819
752 5648
752 996
752 2430
753 1079
753 1226
753 9467
754 816
754 1027
754 1091
755 817
755 4981
755 3930
755 1020
756 4372
756 9444
756 3659
757 6531
757 2436
757 1353
757 4475
758 7673
758 4253
759 792
760 1059
760 2471
760 4126
761 1427
762 5422
763 4035
763 854
763 3273
763 6140
763 7261
763 8349
764 2297
765 1888
765 2961
765 2379
765 1053
765 9645
766 2416
766 5299
768 993
768 1670
768 1271
768 8698
768 1502
768 5887
769 7168
769 1465
769 2395
769 8862
770 1000
770 2888
770 1738
771 1317
771 4965
771 3735
772 1674
772 1021
773 8579
773 5413
773 3271
773 7431
773 4687
774 7313
774 3636
774 1398
774 1930
774 1051
774 7835
774 7119
775 2233
775 8281
775 5051
775 8509
776 2372
776 9769
776 4970
776 6186
778 931
778 1399
778 3770
779 1233
779 7266
780 3760
780 8370
780 3203
780 2904
780 1881
781 1487
783 1697
783 5203
783 3701
783 6837
783 934
783 8030
784 2816
784 794
785 4836
785 2154
786 9848
786 2313
787 6502
787 6775
787 9001
787 1772
788 2899
788 1852
788 2044
788 3198
788 7647
789 1280
789 818
789 1090
789 5259
790 7160
791 7156
791 5320
791 4523
792 1685
792 1302
792 3340
792 7039
794 2261
794 1238
794 5099
794 4991
795 3719
796 9827
796 5773
797 3299
797 3845
798 1744
798 9649
798 8934
798 1675
799 3172
800 2756
800 1752
800 5785
800 4170
802 1529
802 2462
803 4495
804 1265
804 3085
805 2432
805 4147
805 4875
806 4257
806 8267
807 1536
807 3029
808 5941
808 2679
808 4152
808 2735
809 2640
809 5968
809 3669
809 7542
809 1527
809 2570
809 2331
809 6397
810 1175
811 2518
811 2199
811 1404
811 927
812 1781
812 3766
812 1055
812 5167
813 2678
813 4412
813 9116
814 2663
814 7166
815 4085
815 1479
816 4278
816 7197
817 3588
817 2501
817 4570
817 1420
818 1457
818 1075
818 1162
818 2556
818 1213
818 8239
819 1168
819 3187
820 1252
820 997
820 874
820 5357
820 4447
821 962
821 2093
821 846
822 2244
822 1068
822 2269
823 1749
823 6252
824 2119
824 1131
824 3500
825 1347
825 4840
825 3230
826 3556
827 1348
827 3963
827 4047
828 7249
828 5283
828 5881
828 2012
828 1933
829 878
830 884
830 1780
830 2968
832 3192
832 6651
833 9281
833 3076
834 4289
834 2563
834 3620
834 1370
834 1854
835 2388
835 5285
835 2284
836 2227
836 3817
837 992
837 4018
837 3603
838 881
838 8346
839 4347
840 925
841 3074
841 1510
841 3229
844 1408
844 3154
844 2293
844 8827
845 8824
845 1518
846 6464
846 2775
846 1183
847 9984
847 2747
847 1901
847 910
848 4034
848 4562
848 1030
849 965
849 5487
850 1360
850 6050
850 5322
851 2067
852 3022
852 4654
854 2840
854 1497
855 2718
856 3189
856 3179
857 6884
858 4208
858 9025
859 9349
859 2902
860 5059
860 3611
860 9854
862 1842
862 8590
863 1235
863 6057
863 4012
864 1326
865 1445
865 8252
865 1374
866 3057
866 1065
866 5803
867 3794
867 6853
867 5046
867 3370
867 6442
867 2494
868 1163
869 4820
870 2260
870 1990
870 2251
870 5037
870 975
872 2259
872 6237
873 9506
873 1609
873 2508
874 3431
874 9595
876 8630
876 7883
877 900
877 1143
878 995
878 8345
879 7395
879 5396
879 3577
879 4810
879 1564
879 1263
880 8405
880 3015
880 2397
880 4445
881 2954
882 1985
883 2368
883 6803
883 2568
883 7998
884 5665
884 7570
885 1525
885 4268
886 1333
886 5242
886 5709
887 3364
888 3036
889 1424
889 9298
889 4884
889 5943
889 1640
890 1084
891 1239
892 1296
893 3039
894 916
895 4226
895 964
895 2318
896 4550
897 1585
897 1416
897 1277
897 1134
898 5600
898 2225
898 4162
898 2345
898 4444
899 8413
899 2638
899 1935
900 2289
900 1549
900 5439
901 7794
901 1036
902 1042
902 1250
902 1242
902 4250
903 6003
903 5412
903 5533
903 5374
904 2370
904 3785
904 4575
906 8518
906 1703
906 2780
906 1661
906 6813
906 8957
907 4207
908 3460
908 2828
908 7933
909 3264
909 2549
909 6955
910 5554
910 8124
911 1650
911 7589
911 5227
912 5618
912 1149
913 1121
914 3367
915 2866
915 5652
915 2583
915 1039
915 3263
916 1891
916 6469
916 9029
916 6202
916 3211
916 956
916 1597
917 3293
918 8044
920 3813
920 1638
921 1631
922 2724
922 2439
922 6393
922 1166
923 1751
924 4065
924 1956
924 1837
924 4573
925 4345
926 1857
926 2739
926 2374
927 1076
927 1495
927 2007
927 5483
929 1078
929 1212
930 6205
931 8592
931 5526
931 2584
931 1834
932 3581
933 5249
933 1454
934 3721
934 1868
936 2358
936 3174
936 3311
937 1440
937 3061
938 9209
939 1372
939 3181
940 4023
940 4555
941 1393
941 2714
941 9211
942 3448
942 2046
942 7759
944 4962
944 2092
945 1345
947 6355
947 5492
947 5524
948 8329
949 4039
949 4814
950 6497
950 1080
950 2521
951 3889
951 1298
952 2208
952 2098
952 1939
952 1096
952 1308
952 5278
954 1074
954 1909
955 2224
955 6292
955 6436
956 1734
956 1191
957 1514
957 3452
957 6365
957 1246
958 1511
958 5847
960 5857
961 3191
961 3451
964 1448
964 1182
965 1181
966 1060
966 1524
966 4021
967 2218
967 7882
967 2253
969 2399
970 7385
970 2862
971 4749
971 5759
973 9669
973 7498
974 3941
975 1278
976 5543
976 985
976 1356
977 6481
977 1970
977 9820
978 8597
978 1741
979 1859
979 9027
979 5717
980 9666
980 3350
981 1831
982 1616
982 9556
982 6799
983 8336
983 986
983 9786
983 1438
984 3598
984 3359
985 1546
985 1403
986 3330
988 1185
988 2082
989 3956
989 2039
990 3972
991 1261
992 6629
993 2393
994 6101
994 2742
995 5244
995 1695
996 1367
996 5640
996 7080
996 8922
997 5769
998 8816
998 3814
998 1337
999 4463
1000 1795
1001 2757
1001 4007
1002 5760
1002 1417
1002 2687
1003 1717
1003 1037
1003 8189
1004 2576
1004 4451
1004 2936
1004 4109
1005 5200
1005 1996
1006 2913
1006 2341
1006 8278
1007 1210
1007 1580
1008 1106
1008 3720
1009 4092
1010 9073
1010 1351
1010 3516
1011 5601
1011 4197
1011 9341
1011 5567
1013 1264
1013 5690
1014 1684
1014 4934
1015 1029
1015 1829
1015 4486
1015 4873
1016 8532
1016 7782
1016 2731
1016 7005
1018 3593
1019 3634
1019 3445
1019 5383
1019 3241
1019 2923
1019 2396
1020 5747
1020 1077
1021 2536
1021 2906
1022 3884
1023 6897
1023 1945
1024 1031
1024 7559
1025 3680
1025 1559
1026 1889
1026 2146
1026 6168
1026 3851
1027 2546
1027 5783
1027 2264
1028 3202
1028 3045
1028 1272
1028 1052
1029 1286
1029 6792
1029 9948
1030 4336
1030 7466
1032 5562
1032 4028
1033 7948
1034 1335
1034 3591
1034 3945
1034 3548
1035 3520
1035 2275
1035 3644
1035 1629
1036 3640
1036 9292
1037 2033
1037 3266
1037 4867
1037 7053
1038 2674
1038 1627
1039 8461
1040 2193
1040 7526
1040 3065
1041 3232
1041 5682
1041 6466
1041 1195
1043 7696
1043 1304
1043 2185
1043 2334
1044 3402
1044 1197
1046 2278
1046 7065
1046 4606
1047 1706
1048 3177
1049 6402
1049 1396
1050 1528
1050 8602
1050 2415
1051 1150
1051 5743
1052 2592
1052 6890
1052 7103
1053 1299
1054 1184
1054 6676
1054 4998
1056 1222
1056 2173
1057 3168
1057 4183
1057 5514
1057 1707
1058 9811
1058 2741
1058 3143
1059 2616
1059 1581
1060 1521
1060 8668
1061 1415
1061 3575
1061 9918
1061 1167
1062 3777
1062 5398
1062 1256
1062 7294
1063 1216
1063 6309
1063 5932
1064 8121
1064 3243
1064 8636
1065 2677
1065 2727
1065 9690
1065 2158
1066 4658
1066 1253
1066 1669
1066 4119
1066 4871
1066 1484
1067 3056
1067 1624
1067 9450
1067 5563
1068 7138
1068 7108
1068 8315
1069 1730
1070 2708
1070 5271
1071 1654
1071 3354
1071 8684
1072 2064
1072 2309
1073 8469
1073 2250
1074 1750
1075 4134
1075 5894
1075 3887
1076 9252
1076 1775
1077 6693
1077 1320
1077 8249
1077 9882
1078 1867
1079 1158
1079 1118
1080 1281
1080 7096
1080 2188
1080 2479
1081 1699
1081 1205
1081 1111
1081 2647
1082 1426
1082 4578
1082 6149
1083 7969
1083 2658
1083 4357
1083 4844
1084 2515
1084 1381
1084 4565
1085 1937
1085 2497
1085 2133
1086 2256
1086 4917
1086 5861
1087 1789
1088 1783
1088 7932
1088 2079
1090 4112
1091 6262
1091 4217
1091 2061
1092 8453
1092 4906
1092 6811
1093 2417
1093 2510
1094 2112
1094 2832
1094 1938
1095 5234
1095 1139
1095 4469
1095 3658
1095 7947
1096 1154
1096 3405
1096 4013
1097 9601
1097 1273
1098 4436
1098 1927
1098 5480
1098 5307
1098 1292
1098 7212
1098 3023
1099 2330
1100 2672
1100 1635
1101 3507
1102 2211
1102 1877
1102 4030
1103 4741
1103 1943
1103 2042
1104 2385
1104 4996
1104 2903
1104 9416
1104 1821
1104 1886
1105 3767
1106 1153
1106 2547
1106 5699
1106 2020
1107 6020
1107 4117
1108 9459
1108 9699
1108 4373
1108 1550
1109 1472
1109 1760
1110 5777
1110 7308
1111 2347
1112 1718
1113 2023
1113 3722
1113 4364
1114 3868
1114 3517
1115 1156
1116 3863
1116 3224
1116 8717
1116 1870
1116 1471
1117 5730
1117 3140
1117 3428
1117 6631
1117 4888
1117 4857
1118 3473
1118 6387
1118 8535
1118 4123
1118 1582
1119 7733
1120 9064
1120 8633
1120 4846
1121 3681
1122 9809
1122 1954
1122 1671
1122 5623
1122 6311
1122 4156
1122 1469
1122 1551
1123 3750
1126 8693
1126 4808
1126 8350
1129 1769
1129 1965
1130 4693
1131 2424
1131 3053
1132 6772
1133 1200
1133 3650
1133 5490
1133 3002
1133 9562
1134 2103
1135 4672
1135 2882
1135 2404
1135 4332
1136 1188
1136 1206
1137 1680
1137 1625
1137 9404
1137 9437
1138 3051
1139 1504
1139 1365
1139 2285
1141 3280
1142 5571
1142 8739
1143 6785
1144 4881
1144 2707
1144 9479
1144 9991
1144 1577
1144 2765
1145 2595
1146 2258
1146 2074
1146 2475
1146 1663
1147 2147
1147 3091
1147 4781
1148 1560
1148 5548
1148 7293
1149 2944
1150 1601
1150 1572
1150 6175
1151 4688
1151 6674
1151 3084
1151 2877
1152 2496
1152 3333
1152 1431
1152 1336
1152 2783
1153 4869
1153 1766
1153 2123
1153 3357
1154 2834
1154 1923
1154 1948
1154 4845
1155 8052
1155 2245
1157 1428
1157 1716
1158 1241
1158 5468
1160 2055
1161 2696
1161 4408
1161 1244
1162 8634
1162 2637
1162 3662
1163 2993
1163 3937
1163 3508
1163 5928
1163 1533
1163 2831
1164 2701
1164 7854
1165 5190
1165 6686
1166 1681
1166 7971
1168 2179
1169 3857
1169 3320
1169 4106
1169 1468
1169 5615
1170 3306
1170 4842
1170 9259
1171 9641
1171 1999
1172 2085
1172 6392
1173 7186
1173 9587
1173 3902
1175 4228
1175 5726
1175 8814
1176 9662
1176 1967
1177 4704
1177 1748
1178 2785
1178 9865
1178 8059
1179 4847
1180 3604
1181 1193
1181 2155
1182 3456
1182 2535
1184 1395
1184 7292
1184 1903
1186 2706
1186 4632
1187 1600
1188 4816
1191 2034
1191 4002
1191 5631
1192 5809
1192 9237
1192 9710
1193 6617
1193 1338
1193 2939
1194 6503
1194 5310
1195 1461
1196 5917
1197 3683
1199 7894
1201 8652
1201 3165
1201 4141
1202 3047
1202 2283
1203 1425
1204 9996
1205 3632
1205 3477
1206 2698
1207 8715
1209 1329
1209 2661
1209 4376
1210 6480
1211 4591
1212 5287
1212 1785
1212 9213
1213 3037
1214 1602
1214 4627
1215 6227
1215 4407
1216 1714
1216 2235
1216 2651
1216 5998
1218 3440
1218 1234
1218 2676
1218 3444
1219 2460
1219 7486
1220 3569
1220 7524
1221 7380
1221 1542
1221 5064
1222 2448
1222 1379
1222 2871
1222 9324
1222 2671
1223 6322
1223 8974
1223 5871
1224 2001
1224 3426
1224 6843
1225 4192
1225 6166
1225 5289
1226 2240
1226 3176
1226 1673
1227 6472
1228 1792
1229 8989
1231 2421
1231 4460
1232 6224
1232 9670
1232 3145
1232 6473
1233 2209
1233 3586
1233 2502
1233 6599
1234 2196
1234 6294
1234 2071
1234 1771
1234 7788
1234 2734
1235 1259
1236 1908
1236 2555
1238 1568
1238 1287
1239 2987
1239 5579
1239 3566
1239 5999
1241 5206
1241 4686
1242 9062
1243 4589
1244 2195
1244 3454
1245 2226
1245 2407
1245 7067
1246 9892
1246 1499
1246 1758
1247 4900
1247 6552
1248 6451
1248 3532
1248 7231
1249 1290
1250 5139
1250 6019
1251 5939
1251 5863
1251 1855
1252 6005
1252 2829
1254 1984
1254 4320
1255 7157
1257 7049
1258 4202
1258 1726
1259 5092
1259 1737
1260 1344
1260 2290
1260 5556
1260 5449
1261 2177
1261 3199
1262 4602
1263 1779
1265 5377
1265 3698
1265 2628
1265 4987
1266 5127
1267 2996
1268 3010
1268 4386
1268 4466
1268 6194
1268 3383
1268 1983
1268 4623
1269 3484
1270 5360
1270 3854
1270 8606
1270 1583
1271 2995
1271 2619
1272 6278
1273 2445
1274 4435
1274 2069
1274 1947
1275 2413
1277 4355
1277 3226
1278 3521
1278 2776
1278 6782
1279 2041
1279 1485
1280 1584
1281 3219
1281 3208
1281 2557
1281 1951
1282 1488
1282 6399
1283 2660
1283 2743
1283 1593
1283 1865
1283 6666
1284 1492
1285 4642
1285 4679
1286 2305
1286 1530
1287 2161
1287 3576
1288 3283
1288 1813
1289 1800
1290 6827
1290 9195
1292 9109
1292 4333
1292 6687
1292 9327
1293 2886
1293 1368
1293 9738
1293 2127
1294 2564
1294 2527
1295 2104
1295 2745
1295 6719
1296 7428
1297 7021
1298 1364
1299 7412
1299 3638
1299 2879
1300 1603
1301 1728
1301 4400
1301 4750
1302 6948
1302 5512
1302 2094
1303 3377
1303 1493
1303 1515
1304 9967
1305 2552
1306 3392
1306 1796
1306 2572
1307 2262
1307 3087
1308 1729
1308 6870
1308 4121
1309 6532
1309 1961
1310 1613
1311 1704
1311 5321
1311 1754
1313 2997
1313 1900
1314 1547
1316 2072
1317 8077
1318 5529
1319 5482
1320 2192
1320 1721
1320 3485
1321 2307
1321 4326
1321 8830
1322 8979
1322 2296
1323 8963
1324 2116
1324 7564
1325 5239
1326 1350
1326 7911
1327 6657
1327 3974
1328 4890
1330 1632
1330 7041
1331 8923
1333 3429
1333 2599
1334 4611
1334 2052
1334 5516
1335 2881
1335 2827
1335 1884
1335 3180
1335 6684
1335 6429
1336 1490
1336 3058
1336 7118
1337 1887
1338 6096
1338 1421
1339 6755
1339 9812
1339 2271
1340 6850
1340 2213
1341 7869
1343 4645
1343 1942
1343 4298
1343 4431
1344 9698
1344 5976
1344 4076
1345 9338
1346 6338
1346 1931
1347 3376
1347 4474
1347 9134
1348 3745
1349 2449
1350 1474
1350 3718
1350 2585
1351 8546
1352 8371
1353 4033
1353 7746
1353 2956
1354 2656
1354 2875
1354 3805
1355 2608
1355 5104
1355 9376
1355 9507
1359 7623
1359 5705
1359 2842
1360 2241
1360 4958
1362 1911
1363 2291
1363 5510
1363 7594
1363 8607
1364 3222
1364 1693
1366 5042
1366 3318
1366 6157
1367 1810
1367 1429
1367 4205
1368 1656
1369 3689
1370 6416
1370 6900
1370 3404
1371 2164
1372 2129
1372 2561
1372 2165
1372 5166
1374 7377
1375 4656
1375 6859
1376 5553
1376 1437
1376 2591
1377 8096
1378 1844
1378 6004
1379 4216
1379 2809
1381 2580
1381 8836
1381 1557
1381 4070
1381 6620
1381 8383
1382 6597
1384 3408
1385 2867
1385 8216
1386 2257
1386 1574
1386 3501
1387 2216
1389 7318
1391 5922
1391 1816
1391 3067
1391 3628
1391 2830
1392 1506
1392 7492
1392 5303
1392 2559
1393 1907
1393 9559
1393 1595
1394 5477
1394 5054
1395 3843
1396 1443
1397 6841
1398 2675
1398 3925
1398 7766
1398 1774
1399 5594
1400 5087
1401 7792
1401 3605
1401 1406
1402 5811
1402 4276
1404 8626
1404 2212
1404 2629
1404 5735
1404 5914
1404 3806
1404 5950
1406 6433
1407 1875
1408 4467
1408 7447
1410 2299
1411 4323
1411 4166
1412 2648
1414 3312
1414 2050
1414 3170
1414 9639
1415 3540
1415 8325
1415 6191
1416 2301
1417 5034
1417 9004
1417 3743
1419 2991
1420 6008
1421 3619
1421 7635
1421 2905
1422 7334
1423 3970
1424 6819
1424 6857
1425 4709
1425 6861
1427 4352
1427 1702
1428 3204
1428 3213
1428 8861
1428 7662
1429 1442
1429 3272
1430 5152
1430 3682
1430 4058
1430 2300
1431 8194
1431 8421
1432 1513
1432 4541
1433 6403
1433 3158
1433 2383
1434 9219
1435 2979
1436 1761
1436 2428
1436 1517
1437 7218
1437 7382
1438 8293
1438 3420
1439 3257
1440 1926
1440 4142
1441 1776
1442 3043
1442 7763
1442 2087
1443 1540
1443 2985
1444 3427
1444 2182
1445 6823
1446 3302
1446 1501
1446 4287
1446 5055
1447 2737
1447 2311
1447 3962
1448 7838
1449 1692
1450 1873
1450 4307
1450 5959
1451 7234
1451 1621
1451 1964
1452 5969
1452 1458
1452 3578
1452 4938
1452 4060
1453 6740
1454 5508
1454 6331
1455 4723
1455 9433
1456 4577
1456 4037
1456 4895
1458 3570
1458 1763
1458 7966
1459 5761
1460 6209
1460 4292
1460 9897
1462 8708
1462 4745
1463 2692
1464 7522
1465 8292
1465 7356
1467 7105
1467 7739
1468 5137
1468 4499
1468 5675
1468 2589
1469 2000
1469 8484
1469 9013
1470 3600
1470 1993
1471 8537
1471 2766
1472 3416
1472 3775
1473 1505
1473 7139
1475 4500
1475 6964
1475 3221
1475 2366
1476 3267
1477 1553
1477 6085
1478 2276
1478 5319
1479 3209
1480 3696
1480 1489
1480 8401
1480 2744
1481 7892
1482 2304
1482 1651
1483 4784
1484 7960
1485 2833
1485 4420
1485 2491
1485 4685
1487 9906
1487 9032
1487 3244
1488 5049
1488 2779
1492 5489
1493 6679
1495 1902
1496 1878
1497 2149
1497 2456
1497 8952
1497 1548
1498 2037
1498 3726
1499 6102
1499 8026
1500 5438
1501 1683
1501 2040
1501 2124
1501 1599
1502 5674
1502 4299
1503 1589
1503 6470
1503 1658
1504 4673
1504 3555
1504 2298
1504 4300
1505 4145
1505 2458
1505 9980
1505 4031
1508 2024
1509 3834
1511 1543
1511 7405
1514 3713
1514 6354
1514 8134
1514 2503
1514 6711
1514 8511
1515 1828
1516 2073
1516 9818
1517 3808
1517 6113
1518 5060
1518 1639
1518 2425
1518 1532
1518 1598
1518 2015
1519 1576
1519 8174
1520 6530
1520 6623
1521 7913
1521 1660
1522 1596
1522 5231
1523 5574
1523 7271
1523 1929
1523 2601
1523 3502
1524 7627
1524 3054
1525 4544
1525 5265
1525 1586
1525 2335
1526 4434
1526 6759
1526 8111
1527 3848
1528 5472
1528 1735
1528 3499
1528 9835
1528 4108
1528 1742
1529 1833
1529 3882
1530 5580
1531 3653
1531 1944
1532 4032
1532 8658
1532 3827
1532 2581
1532 6523
1533 4625
1533 7208
1533 3337
1533 1915
1533 2206
1534 5569
1534 8687
1536 3551
1537 8020
1537 4650
1538 2573
1539 1541
1539 2156
1540 5274
1540 2461
1540 2493
1541 2343
1542 4246
1543 6408
1544 2150
1545 4710
1545 2382
1546 1676
1547 2513
1547 3782
1547 5868
1547 6061
1547 1615
1547 7391
1548 4737
1548 2359
1549 3678
1549 3663
1550 4087
1550 5355
1550 2764
1550 4382
1551 7280
1551 4388
1551 1797
1551 4344
1551 5115
1551 5997
1552 6129
1552 2598
1552 4586
1553 7896
1554 2131
1554 1978
1555 3201
1555 9044
1555 6013
1556 7734
1556 4077
1557 5043
1558 4505
1558 1579
1558 9868
1559 1727
1561 4581
1562 2162
1562 6710
1565 5478
1566 7333
1567 4006
1568 1712
1568 4497
1568 1922
1568 4795
1569 3008
1569 4752
1570 1846
1570 2953
1571 2632
1571 2636
1571 5788
1573 6961
1573 9815
1573 3550
1574 7864
1574 5386
1575 1664
1575 1696
1575 1657
1575 2650
1576 4450
1576 1924
1576 4588
1576 1917
1577 4016
1577 2265
1577 1914
1579 2242
1579 6750
1580 3024
1580 2043
1580 8685
1581 2191
1583 6950
1583 4103
1583 1626
1584 1988
1585 9841
1585 4402
1586 5191
1587 7920
1588 9417
1588 5455
1589 1905
1589 6106
1590 8948
1590 9529
1591 3812
1591 3606
1593 8086
1593 1655
1594 1825
1594 7796
1595 7755
1596 3474
1596 3747
1596 3493
1596 2824
1596 6253
1596 2110
1597 8581
1598 2048
1599 4721
1600 1733
1601 2435
1601 3212
1602 6385
1602 2101
1602 3366
1602 2270
1603 3442
1604 1666
1604 5205
1607 3617
1607 3458
1608 9217
1608 3772
1608 9775
1609 5393
1609 6405
1609 2694
1609 2918
1610 2113
1610 5718
1610 9163
1611 4437
1611 4682
1611 1804
1612 8790
1612 2951
1612 3113
1613 6051
1613 3239
1614 3038
1615 2851
1615 8377
1616 2639
1616 9103
1617 3123
1617 7235
1618 2032
1619 7191
1620 3472
1620 3149
1622 4175
1623 3078
1623 5974
1623 5805
1624 2107
1624 4636
1625 1958
1625 2202
1625 9949
1626 9316
1626 1879
1626 1885
1626 3869
1627 4114
1627 1946
1627 2715
1628 8960
1630 3751
1630 3167
1631 3572
1632 7070
1633 7309
1634 6977
1635 2963
1635 2375
1635 4263
1637 8273
1637 5117
1638 8560
1638 1974
1639 4397
1639 7485
1640 1713
1642 3159
1643 1949
1646 5657
1647 1830
1647 4439
1648 8406
1648 3769
1649 2008
1649 3050
1649 6075
1650 4911
1651 9361
1651 6108
1651 3134
1652 4212
1652 4470
1652 8328
1652 2859
1653 3361
1653 4490
1654 2153
1654 1836
1654 4860
1654 3983
1655 5970
1655 9368
1655 6430
1656 2394
1657 7653
1659 5122
1659 9731
1659 9052
1660 3281
1660 1861
1660 5822
1661 5619
1661 5222
1662 3969
1662 6366
1663 4914
1663 1732
1663 5463
1663 3403
1664 6987
1665 5923
1665 1817
1665 4201
1668 7154
1668 4635
1669 8800
1669 1687
1670 5248
1670 3905
1670 3256
1670 6619
1670 2029
1671 4311
1671 3464
1671 1803
1672 7496
1672 3178
1672 2414
1672 9567
1673 2310
1673 5558
1673 7590
1673 8966
1674 1827
1674 7158
1675 4968
1676 5507
1676 6046
1677 2850
1677 2489
1677 2603
1677 3755
1678 5445
1680 4928
1680 2166
1680 7133
1681 5685
1681 1815
1681 1896
1682 2562
1682 3250
1682 1973
1682 4872
1682 7324
1682 3071
1683 9208
1683 6957
1684 9737
1686 4655
1687 4098
1687 6453
1687 5387
1688 5933
1689 6162
1689 2878
1690 2729
1690 2060
1691 2680
1691 2111
1692 3369
1692 4043
1692 7931
1692 8907
1692 1838
1693 4234
1693 3709
1694 5696
1694 2717
1697 5746
1697 4746
1699 3461
1700 4976
1700 6802
1700 3161
1702 8967
1702 5689
1702 3309
1703 8262
1704 3237
1704 8150
1704 2446
1705 4163
1706 5458
1706 7460
1706 1708
1707 3100
1707 4319
1708 8663
1709 6545
1711 5443
1712 4064
1712 2356
1712 5359
1715 2429
1716 3171
1718 4833
1719 1910
1719 1895
1720 2019
1720 8711
1720 8667
1721 2263
1722 4547
1724 2928
1724 7045
1725 7914
1726 5552
1726 2281
1726 4587
1727 4221
1728 3535
1728 5391
1729 3948
1729 2926
1730 7344
1730 3030
1730 4823
1730 8152
1731 6455
1731 6328
1732 1989
1732 2575
1733 7171
1733 4519
1733 9543
1733 5247
1735 8657
1735 1812
1735 4329
1738 4401
1738 3433
1738 4313
1739 1883
1740 7808
1740 2807
1740 3195
1740 5995
1741 9617
1742 6231
1742 8327
1742 6698
1742 4571
1743 6921
1743 3706
1744 5106
1745 2405
1746 8403
1746 3927
1746 1992
1746 7370
1747 5090
1748 1826
1748 3874
1748 3020
1749 5912
1750 6065
1750 2362
1751 8859
1752 3872
1752 6589
1755 7927
1756 4647
1756 8318
1757 6793
1758 2722
1758 4551
1759 2402
1759 3573
1760 3245
1761 3809
1761 7420
1761 2654
1762 3129
1762 4351
1762 4543
1764 5395
1764 6563
1764 4980
1764 6936
1764 4381
1765 7986
1765 3838
1765 6622
1766 6764
1767 4952
1767 1962
1767 3597
1768 5708
1769 5025
1769 2054
1769 8206
1771 8549
1771 3014
1771 2473
1772 1847
1774 4354
1775 9608
1776 4288
1776 3124
1776 9692
1777 3173
1778 9685
1778 4122
1779 4267
1780 2644
1780 4777
1782 2943
1783 7520
1784 5408
1785 5358
1786 4864
1787 2049
1788 5989
1789 2172
1790 2234
1790 2907
1791 5653
1791 3596
1792 7923
1793 7716
1794 2880
1794 3410
1794 4613
1794 3510
1795 7010
1796 2646
1797 4346
1797 4731
1798 2526
1798 3422
1799 2519
1799 2398
1799 2751
1800 2418
1801 8330
1801 3003
1802 2277
1803 3132
1804 2594
1804 8850
1804 2152
1806 6115
1806 8810
1808 4853
1808 1822
1810 3329
1810 7785
1811 2306
1811 7219
1811 2431
1812 6690
1812 4245
1812 6056
1813 5755
1813 6235
1813 6814
1815 9952
1815 4359
1816 9465
1816 8909
1817 3068
1817 1982
1820 3936
1820 2367
1821 2120
1821 7209
1824 3379
1824 3223
1825 2821
1825 6440
1828 2117
1828 2472
1829 2320
1829 1975
1831 9283
1832 3512
1832 4718
1833 4527
1834 4440
1834 6091
1834 1980
1835 6544
1835 8841
1835 9308
1836 4725
1837 2215
1838 6514
1838 1991
1838 8311
1839 7297
1839 8057
1840 5462
1840 9003
1841 2474
1843 2930
1843 5417
1844 5013
1844 3531
1846 2507
1846 9771
1847 2326
1847 3449
1847 3565
1847 5198
1849 2232
1849 8476
1850 2450
1850 3699
1850 1977
1850 2125
1851 6324
1851 2709
1851 3965
1853 8372
1853 7143
1853 4457
1855 9520
1857 2167
1857 1976
1857 2031
1860 3200
1860 3553
1861 4579
1862 5232
1862 8163
1865 4099
1866 6973
1867 2933
1868 3400
1868 2254
1869 3488
1869 6283
1869 6715
1869 7710
1870 4856
1870 2142
1870 4799
1873 6211
1873 4554
1873 4171
1873 4476
1874 2900
1874 6726
1875 2163
1875 7507
1876 2138
1876 2653
1876 5549
1877 3788
1877 6956
1878 7857
1878 1925
1878 2986
1878 4477
1881 3073
1881 8617
1882 5079
1884 1957
1884 2053
1884 4518
1885 2006
1885 2889
1886 4707
1886 3725
1888 3034
1888 2349
1889 6944
1889 2059
1890 3826
1890 4932
1890 3478
1890 3463
1890 9048
1891 5238
1892 3120
1892 3768
1893 6516
1893 8197
1893 2106
1894 5380
1895 2673
1895 9010
1895 2083
1897 2802
1897 3412
1897 4984
1898 6566
1898 9150
1899 5801
1900 5719
1900 2028
1900 8012
1900 4542
1901 5770
1901 7306
1903 7968
1903 4225
1903 2376
1904 3491
1905 4417
1905 9626
1906 2246
1907 5506
1907 2286
1907 3055
1910 3799
1910 3897
1910 8683
1911 5672
1912 7622
1912 4975
1914 9831
1915 4675
1915 2558
1916 4048
1916 5207
1917 6867
1917 4703
1919 8277
1920 3012
1920 8295
1920 5722
1921 3873
1921 7571
1921 2633
1922 2486
1923 5012
1923 5496
1924 7217
1924 6872
1924 3227
1925 6452
1925 8796
1926 6242
1926 2938
1927 2704
1927 8462
1929 2604
1929 2014
1931 6784
1931 4922
1932 2229
1933 4711
1933 3407
1934 2978
1936 5802
1936 6781
1936 9853
1937 3088
1937 4496
1937 3811
1939 9138
1939 2036
1939 8169
1939 8521
1939 2045
1940 2176
1940 2849
1940 4213
1940 7206
1940 4815
1941 3562
1941 4203
1943 2022
1943 8022
1943 2813
1944 7098
1945 6767
1946 2544
1946 8624
1946 5957
1946 6012
1946 5934
1947 4194
1948 8338
1948 2086
1948 8956
1949 6130
1949 5323
1950 7554
1951 5094
1951 7949
1951 2223
1952 2186
1952 3290
1952 3563
1952 2030
1952 3518
1952 2063
1953 5946
1956 6395
1956 2959
1957 4949
1957 3784
1957 3561
1958 1963
1959 4885
1960 8464
1963 2908
1963 3470
1964 2620
1965 8496
1965 2988
1965 4572
1965 3629
1966 3855
1967 2340
1967 2121
1967 2667
1967 3661
1968 2771
1969 2641
1970 8976
1970 5425
1970 3891
1971 2338
1971 5138
1972 4370
1972 9896
1974 3108
1974 2606
1975 7537
1975 9523
1975 3465
1976 2035
1978 5609
1978 3660
1978 3503
1979 9514
1979 2316
1981 5362
1983 8750
1984 9395
1985 2198
1985 4535
1985 6567
1985 2975
1986 3781
1988 3147
1988 4383
1991 2528
1991 7296
1991 3924
1992 3888
1994 2626
1995 5218
1995 2013
1995 6734
1995 2447
1996 5102
1996 5983
1997 8832
1997 5026
1997 3013
1997 9624
1997 2634
1998 5282
2000 3536
2000 4340
2002 2160
2002 2754
2003 7480
2004 8027
2006 2945
2006 3011
2006 3672
2006 4057
2007 2354
2008 2360
2008 6250
2010 2274
2011 4841
2011 3915
2013 3255
2013 9770
2014 3048
2014 2219
2015 3284
2015 5465
2015 8089
2016 4882
2016 4148
2017 3079
2017 2344
2018 4132
2018 4843
2018 7694
2019 8731
2019 3436
2020 3717
2020 4040
2020 6188
2021 3871
2022 2858
2022 8155
2023 7527
2023 2664
2025 5729
2025 6073
2026 2329
2028 2689
2028 7494
2028 9112
2028 8524
2029 6288
2030 4426
2031 3529
2032 4413
2032 3982
2033 2726
2035 6519
2036 2248
2037 9851
2039 4715
2040 2273
2040 8902
2041 4096
2041 3046
2041 5143
2041 8653
2041 3839
2042 3156
2042 2122
2043 3122
2044 3217
2044 8227
2045 5016
2046 3397
2046 4767
2047 8881
2047 5371
2048 4232
2049 2361
2050 2369
2050 5315
2051 5338
2052 2611
2052 2230
2052 4375
2052 7177
2053 3602
2053 7167
2054 4983
2054 5625
2055 2419
2055 4269
2056 3589
2056 3294
2056 3439
2057 4828
2058 3940
2058 3017
2059 3347
2059 4683
2059 5293
2060 7141
2060 7509
2060 4056
2062 2476
2063 7164
2064 3215
2065 2720
2065 2642
2065 4948
2066 7441
2066 2170
2066 2315
2067 2128
2067 5199
2068 9249
2069 2454
2069 6137
2069 6474
2069 5852
2070 2115
2070 5815
2070 7519
2071 3044
2071 4454
2072 2962
2072 5954
2072 3157
2072 6344
2073 2635
2074 7888
2074 2097
2076 3496
2076 8526
2078 4461
2079 3409
2080 4229
2080 3035
2080 3740
2080 4941
2080 2670
2081 9654
2081 2090
2081 4187
2081 2237
2081 3021
2082 5634
2082 6733
2083 3859
2083 6131
2083 2348
2085 3155
2085 2548
2085 2887
2085 5596
2087 3301
2087 6783
2088 7379
2088 2588
2088 2189
2088 4301
2088 4926
2089 2788
2089 6602
2090 3304
2090 3352
2091 5253
2091 7944
2092 2823
2092 3261
2092 4765
2092 4462
2093 9825
2093 3220
2093 5637
2094 2666
2097 2800
2097 2691
2097 5766
2097 3896
2098 2498
2098 2483
2098 7658
2099 6864
2099 7299
2099 7830
2099 3303
2099 3016
2099 2876
2099 8812
2100 2786
2100 2812
2100 3247
2101 7004
2102 2795
2106 3783
2106 4732
2107 3609
2110 5942
2110 4367
2111 7665
2111 7846
2113 2915
2113 2808
2113 3288
2115 2175
2116 5008
2116 2401
2117 7203
2117 2820
2117 5829
2117 9147
2119 3260
2121 9136
2122 2909
2122 9407
2123 9940
2123 2187
2124 6222
2125 2531
2125 3688
2126 3509
2126 5448
2126 2861
2126 3549
2127 4904
2127 2777
2128 5627
2129 7815
2129 3692
2130 3142
2130 6744
2131 4322
2131 8245
2133 5169
2135 2141
2136 8760
2137 4482
2137 2200
2138 3623
2139 9059
2139 2342
2141 5816
2142 5313
2142 2168
2143 2437
2143 2517
2144 4811
2145 3127
2146 7452
2146 7535
2147 4529
2148 2873
2149 6082
2149 3676
2150 4338
2150 7421
2150 3246
2151 8492
2152 3443
2153 9700
2153 8133
2153 7751
2153 4620
2154 4753
2154 5944
2154 4302
2155 8939
2155 4940
2155 5020
2156 3394
2156 4967
2156 6558
2159 3856
2159 6296
2160 5141
2161 6196
2161 5736
2161 6265
2162 3504
2163 7349
2163 6167
2164 3985
2164 2566
2165 4661
2166 9630
2168 2838
2171 5528
2173 3360
2174 6220
2175 2852
2175 8635
2175 7006
2176 3952
2176 2916
2176 2523
2177 4681
2178 4161
2178 8429
2180 4456
2180 9849
2180 5546
2181 3830
2181 4953
2182 5778
2182 2681
2184 2353
2185 3372
2187 3317
2187 7416
2188 5009
2188 7636
2188 2490
2188 4011
2189 9398
2189 6776
2190 3534
2190 3694
2191 5014
2191 3323
2191 3739
2192 2422
2193 4050
2193 9267
2194 7345
2194 7859
2196 2977
2196 2492
2197 4297
2197 5023
2198 3446
2199 5221
2199 6677
2199 6301
2200 8202
2201 2565
2202 4089
2202 5673
2203 3579
2203 8125
2204 3319
2204 7915
2205 4993
2206 7641
2207 7791
2208 7232
2209 2746
2209 7628
2210 2941
2211 3825
2211 8645
2213 9092
2213 3622
2214 4296
2214 6105
2214 4525
2216 5376
2216 2725
2217 3258
2217 2684
2218 7648
2218 2529
2218 7145
2220 2243
2220 9049
2222 3344
2223 3193
2224 5033
2225 2624
2225 2702
2228 7816
2229 5173
2231 7074
2232 8621
2232 4910
2233 7121
2233 6483
2234 4630
2234 3647
2235 6037
2235 2622
2236 7008
2236 4139
2236 3757
2238 7068
2239 6304
2239 4771
2239 3291
2240 5681
2240 2863
2241 3923
2241 7135
2242 9828
2243 4545
2243 2533
2243 9816
2245 6261
2245 8726
2246 8945
2246 7893
2246 5687
2246 7738
2246 3116
2248 3615
2249 2748
2249 2509
2250 2406
2250 3789
2250 5646
2250 9583
2251 4127
2252 2825
2252 5786
2252 8971
2253 8961
2253 3335
2253 2282
2254 6346
2254 3804
2256 9511
2256 8187
2258 4027
2258 4699
2261 3700
2261 9047
2263 8208
2264 6627
2264 7037
2265 2609
2265 2837
2265 3526
2266 2328
2267 2693
2267 8268
2268 5336
2269 4944
2270 9254
2270 4775
2271 2451
2271 4643
2271 5518
2272 2983
2272 8456
2272 5741
2273 2607
2275 2699
2276 2613
2276 2511
2277 6663
2277 4827
2277 8943
2278 4896
2279 3297
2281 5842
2281 7434
2281 9067
2282 2346
2283 7729
2283 4120
2285 2645
2285 2685
2286 2322
2286 2787
2286 2652
2287 9202
2287 7467
2288 2378
2288 3437
2289 8438
2292 2759
2292 4328
2294 2444
2295 9860
2297 5834
2298 2621
2298 8477
2299 3921
2302 5520
2303 4696
2304 2391
2305 2482
2307 2911
2308 4698
2308 8221
2310 5058
2311 5519
2312 2752
2312 4979
2312 3916
2312 3166
2313 4945
2314 2410
2314 2762
2314 2843
2314 4764
2316 5700
2316 4604
2318 5078
2318 6345
2318 3980
2319 6664
2319 2921
2319 3390
2320 3342
2321 8811
2322 3858
2323 6831
2324 4569
2324 6735
2325 4224
2328 5843
2328 4923
2330 9388
2330 5150
2330 6975
2331 7946
2332 9776
2333 3112
2334 4403
2335 2336
2336 7879
2338 4533
2338 3069
2340 4081
2341 5015
2341 7950
2342 2763
2342 3756
2343 2427
2345 5991
2346 4929
2346 2868
2347 5953
2347 9174
2347 2845
2348 7583
2349 2630
2350 3610
2351 7015
2351 7482
2352 3234
2352 8946
2352 2597
2353 2890
2354 5312
2355 5442
2355 5126
2355 2793
2357 3919
2358 2481
2359 2412
2359 8269
2360 2550
2360 4415
2361 5560
2362 8932
2365 2384
2366 5349
2366 9830
2367 8692
2367 7446
2368 6683
2369 7606
2369 7598
2369 2495
2370 4086
2370 9466
2371 3103
2371 6479
2372 7743
2373 4273
2373 6450
2373 3690
2373 8427
2374 2768
2374 3252
2377 4424
2377 6095
2378 2721
2379 4418
2379 9895
2379 6696
2379 5084
2379 5484
2380 7104
2381 5378
2381 6158
2382 2736
2382 8576
2382 6962
2382 2819
2382 2895
2383 2874
2386 4689
2387 2992
2387 5419
2387 8205
2388 9241
2389 2792
2391 3152
2391 4834
2391 3691
2391 9261
2392 8917
2393 7858
2393 6152
2394 5488
2395 6904
2396 3137
2397 2545
2397 2543
2398 6697
2399 8448
2399 3249
2400 8379
2401 4716
2402 5252
2402 2949
2402 4294
2402 9708
2403 9694
2404 5426
2407 7185
2407 7050
2407 5723
2407 7995
2408 2411
2409 3762
2410 5731
2410 4804
2412 5893
2414 2596
2415 2772
2415 6518
2416 7112
2416 3630
2418 6232
2419 4051
2419 9653
2421 3840
2423 6016
2423 4724
2423 2453
2423 6969
2423 4094
2424 7332
2424 3483
2425 2452
2425 3102
2426 8851
2427 2796
2428 5110
2429 7602
2429 6607
2430 6226
2430 9140
2430 7881
2432 4165
2432 3351
2432 4155
2433 3616
2433 5233
2433 5140
2434 5067
2435 6547
2435 3240
2436 2870
2436 9814
2436 8442
2437 7102
2439 9232
2439 3362
2440 2817
2440 3942
2441 3712
2441 4308
2441 7386
2442 2723
2443 4256
2443 4421
2443 2950
2443 3677
2446 3072
2446 5621
2446 5368
2448 3117
2449 2855
2450 6006
2450 2815
2453 7812
2453 3737
2453 7401
2454 4116
2455 3926
2456 4425
2456 3418
2457 7568
2457 7760
2457 9712
2457 3475
2457 6943
2459 7462
2459 3978
2459 5614
2461 3345
2462 8070
2463 4266
2464 8097
2464 3674
2464 3118
2464 9343
2466 2805
2467 2755
2467 3997
2467 6926
2468 3947
2470 5768
2472 3779
2472 7982
2473 6183
2473 5992
2474 7666
2475 6791
2475 8600
2476 9668
2477 7607
2478 8935
2479 5329
2479 6865
2479 3285
2482 9931
2482 2749
2483 3798
2483 6071
2485 2590
2487 4455
2487 3912
2487 5007
2488 4918
2489 2554
2489 2623
2491 8384
2491 4055
2492 2540
2492 6014
2493 7014
2493 4075
2493 4237
2497 6911
2498 5473
2499 4994
2499 3139
2499 2822
2500 5277
2501 2530
2501 9844
2503 3523
2504 9074
2504 3883
2505 2668
2505 4284
2506 3041
2508 2627
2511 3059
2513 7484
2515 2957
2516 4720
2516 7282
2517 7921
2517 8131
2518 3933
2519 4129
2519 7940
2520 7043
2520 7754
2521 9541
2521 7341
2521 4414
2524 2884
2524 8648
2524 8588
2524 3486
2527 3765
2528 3648
2528 4989
2531 7169
2533 7361
2535 2932
2537 5429
2541 2593
2541 5826
2541 9078
2541 3852
2541 5757
2541 3583
2542 4876
2546 6551
2546 4524
2548 4950
2549 9582
2550 5698
2550 5156
2551 7093
2551 4214
2551 9915
2552 9929
2553 3906
2553 6181
2553 2892
2554 3435
2554 9452
2555 3235
2555 6505
2556 3749
2556 5135
2558 7553
2558 9671
2559 3657
2559 3119
2560 5910
2562 5236
2562 5000
2562 7688
2562 8570
2566 4803
2567 3642
2568 3373
2569 4515
2569 3077
2569 4265
2569 4893
2570 3652
2570 3892
2570 2839
2571 6805
2571 6458
2571 4334
2573 3040
2573 9066
2574 6114
2574 4488
2575 4624
2575 2753
2575 7187
2576 8712
2577 8324
2577 9189
2579 5712
2579 6257
2579 4735
2580 3506
2581 6349
2582 4714
2582 3388
2585 2960
2585 4136
2585 3082
2585 6556
2585 5693
2586 9243
2587 4912
2587 6725
2588 9745
2588 8901
2588 5070
2590 6266
2591 5456
2591 7800
2591 4443
2592 4100
2592 4790
2593 4607
2594 3346
2594 4005
2594 6789
2594 5148
2595 6685
2596 3607
2596 4090
2597 4598
2598 6846
2600 3489
2600 2841
2600 6028
2601 6731
2602 4727
2603 2929
2603 3131
2605 9086
2605 5183
2608 6856
2609 4674
2609 5369
2610 3525
2610 4517
2611 4295
2611 4264
2613 3494
2614 9169
2614 5330
2614 3492
2616 4821
2617 3780
2617 8228
2617 6709
2619 5650
2620 2967
2620 4670
2620 4702
2621 7769
2623 3126
2624 7264
2625 8185
2625 5279
2626 6018
2627 2885
2628 6214
2629 6821
2631 4419
2631 5460
2631 3398
2633 4196
2634 5530
2635 2935
2635 3197
2635 6287
2636 7152
2636 3064
2636 6218
2637 4862
2638 4576
2638 3218
2638 4391
2638 3083
2638 9051
2639 8067
2639 3816
2639 3469
2640 7873
2640 8883
2640 4314
2640 6924
2641 4634
2642 9638
2643 9553
2646 6577
2646 3741
2650 9545
2651 9910
2651 5661
2652 7459
2654 3000
2656 8452
2656 6359
2656 9592
2657 2713
2658 5291
2660 5010
2661 3186
2661 2730
2664 4812
2665 2719
2668 4093
2669 8834
2669 2894
2669 2958
2669 4255
2670 9682
2670 7470
2671 8200
2671 5404
2672 8122
2673 4259
2673 9867
2673 5180
2675 2973
2676 6161
2676 4290
2676 3468
2677 3150
2679 9425
2679 7974
2679 7384
2680 7810
2681 6680
2681 8136
2684 5081
2686 7056
2686 3032
2687 4549
2687 3447
2687 9015
2688 3498
2688 7403
2688 9611
2689 4310
2689 6070
2690 7608
2690 4026
2691 7069
2691 5790
2694 7107
2694 3028
2694 8180
2694 4398
2697 6326
2697 9359
2698 7013
2698 3144
2700 7129
2702 3207
2703 6098
2703 5876
2704 3374
2704 3886
2705 3090
2705 4041
2706 9907
2707 8024
2708 7584
2709 4657
2710 5209
2711 7737
2711 8925
2711 2782
2712 5175
2712 3356
2713 3697
2713 6501
2713 7574
2713 4029
2714 3253
2715 7025
2715 7038
2715 4943
2716 9743
2717 5076
2717 8566
2717 4427
2718 8010
2719 6940
2720 4128
2720 5744
2721 7824
2721 3423
2724 8641
2725 4036
2725 3349
2725 6598
2731 5217
2733 6866
2734 3932
2736 3095
2737 3386
2737 2844
2738 8752
2739 4143
2741 7898
2742 4480
2743 8950
2744 8918
2744 2826
2744 4362
2745 4378
2746 6228
2746 3829
2746 6537
2746 3708
2747 3033
2749 9637
2749 9068
2750 7531
2750 6156
2750 8605
2751 2770
2751 3910
2752 5182
2753 8991
2754 5184
2754 8417
2754 4760
2755 3096
2755 3066
2756 4839
2756 7978
2756 5339
2757 8211
2758 9107
2759 5846
2759 5706
2760 4004
2760 6932
2760 7996
2761 4596
2761 6809
2761 6543
2765 6536
2765 3867
2766 6017
2767 4184
2769 5114
2770 6756
2770 3419
2771 7809
2771 7284
2771 7992
2771 8041
2773 3732
2773 3911
2774 6263
2775 6427
2775 5629
2775 8783
2775 9519
2777 8928
2779 4082
2781 5226
2782 3138
2782 4691
2782 4516
2783 3325
2783 8254
2784 7491
2785 6341
2785 9925
2788 4160
2788 9943
2789 8562
2790 5459
2791 7575
2791 3355
2792 7451
2792 2940
2792 2798
2794 2848
2795 8628
2795 6072
2795 7256
2798 9674
2799 3773
2800 3080
2801 3998
2801 7567
2802 6902
2803 6342
2804 3971
2805 3959
2806 4666
2807 9137
2808 9335
2809 5711
2810 9945
2810 8766
2811 4755
2811 5550
2812 9251
2814 5269
2814 3736
2814 4649
2815 8992
2816 7804
2821 5575
2822 3968
2822 4521
2822 4874
2822 7259
2822 7868
2822 4766
2822 6638
2823 3950
2824 4837
2825 2910
2826 4022
2827 2846
2828 9790
2832 7878
2833 5476
2833 8137
2833 5613
2834 5603
2834 6581
2835 5427
2835 4025
2835 5098
2836 3343
2837 9302
2837 2999
2838 3125
2838 4782
2839 4794
2839 6762
2840 6806
2842 6933
2842 5479
2842 9657
2844 6787
2844 4677
2845 6414
2848 9173
2849 9108
2852 6052
2852 4877
2854 4600
2856 3063
2857 6484
2858 4568
2860 9920
2860 7078
2860 9063
2860 7663
2863 3844
2864 3365
2864 9722
2865 3417
2865 4124
2866 7476
2867 3821
2869 6660
2869 9613
2870 3841
2870 7528
2871 5606
2871 9451
2872 2901
2872 3989
2872 3382
2872 3705
2872 9337
2872 4747
2872 9823
2873 8513
2874 6049
2874 9714
2874 4791
2874 9679
2875 3601
2875 8043
2876 3070
2879 4507
2881 8306
2881 3687
2881 6795
2882 7455
2883 4157
2884 6308
2885 8497
2887 8023
2887 8284
2888 8915
2890 7620
2892 5341
2893 9939
2894 7977
2895 6978
2900 8567
2900 3339
2900 3438
2903 6642
2903 6760
2903 4286
2904 9090
2904 2998
2904 3031
2905 5331
2906 3744
2906 5525
2908 9378
2909 3546
2911 4807
2911 3274
2912 4722
2912 6213
2912 3415
2912 8520
2912 7503
2913 7175
2913 4889
2914 8669
2915 4238
2916 5328
2916 2965
2917 7885
2919 9106
2919 6612
2922 8246
2922 3675
2923 6804
2923 7638
2925 3787
2925 6574
2927 9040
2927 9956
2929 4865
2929 8154
2931 7548
2932 3453
2933 3637
2934 6736
2935 7122
2935 3001
2936 3571
2936 3684
2936 8264
2936 6521
2936 8009
2936 9179
2936 3389
2936 6285
2937 3639
2938 5430
2938 6840
2939 4348
2940 5195
2943 4986
2944 2981
2946 3920
2946 5570
2947 5210
2948 4757
2948 6517
2948 3005
2948 6190
2949 5258
2949 8940
2949 4637
2951 6282
2951 6127
2952 9340
2952 3758
2953 9734
2953 6653
2953 7117
2953 5951
2954 8219
2956 7732
2956 4342
2958 4146
2958 8988
2959 4153
2964 9289
2964 6462
2965 9962
2966 4539
2967 4020
2967 5290
2968 7346
2969 3248
2970 6179
2970 3943
2972 3513
2972 6367
2973 6611
2973 3160
2974 6694
2974 5498
2974 9322
2975 3328
2975 5888
2975 4258
2975 2982
2975 8214
2976 8199
2978 8112
2978 3643
2980 3793
2981 4925
2982 6594
2982 8741
2982 8551
2983 4514
2983 8279
2985 9483
2986 3109
2986 6887
2986 7495
2986 3135
2988 5651
2990 3184
2990 5792
2990 3541
2992 3049
2993 3093
2993 5130
2994 3430
2996 8140
2997 5201
2998 5041
3002 5799
3002 6423
3002 4024
3003 7603
3003 9178
3004 4659
3005 8110
3007 8472
3007 3225
3009 6353
3009 7534
3010 6722
3011 3665
3011 8113
3012 6999
3012 7624
3013 3761
3013 5073
3013 3115
3014 6063
3015 5642
3016 7233
3016 3348
3017 3238
3017 7678
3018 4593
3018 8725
3018 8287
3020 5925
3024 5481
3026 6038
3026 9656
3027 3421
3028 3476
3030 3042
3031 4452
3031 7979
3034 5632
3034 8435
3034 7689
3036 4787
3036 6153
3039 3791
3042 8101
3042 9239
3044 9366
3045 3188
3046 7033
3047 9596
3049 6583
3049 3467
3050 3060
3051 4211
3051 9238
3051 7839
3052 6641
3052 7300
3052 5018
3054 3542
3054 3098
3054 5500
3056 7684
3056 4044
3057 4218
3061 6144
3062 5366
3062 4249
3064 5559
3064 8878
3065 3621
3067 3552
3067 6626
3068 3236
3068 3205
3068 7181
3070 9521
3070 3242
3071 5891
3072 6851
3073 7094
3073 4392
3074 6548
3074 5964
3074 5679
3075 3655
3075 3228
3077 8710
3077 3466
3078 4977
3078 8444
3080 4769
3081 3114
3086 3497
3086 8905
3087 3094
3088 6264
3088 3564
3088 6172
3088 3151
3089 7018
3089 4191
3090 9584
3091 9976
3092 5266
3092 6967
3093 8769
3097 6289
3097 5229
3098 8897
3099 9890
3099 9204
3099 4678
3100 6055
3102 8670
3103 4690
3104 8304
3104 4097
3104 8763
3105 5830
3105 4442
3105 6492
3106 5096
3107 5844
3107 7279
3108 9282
3108 5655
3109 3954
3111 3909
3111 8103
3112 3353
3115 7315
3115 8995
3119 3746
3120 5284
3121 3668
3122 6603
3124 6410
3127 7586
3127 5495
3129 8938
3130 4868
3131 4641
3131 8757
3131 3479
3134 3935
3135 9191
3136 4612
3136 7951
3137 3584
3137 6103
3138 3878
3138 8697
3138 7726
3139 5044
3139 9242
3139 9965
3139 5823
3140 3537
3140 4465
3143 8240
3143 7870
3144 7936
3144 6298
3145 3384
3145 6808
3145 5342
3146 4742
3147 5555
3147 4341
3147 4935
3147 5949
3149 6885
3150 4144
3150 4422
3151 5667
3151 7061
3154 6316
3156 5088
3156 3190
3156 9646
3160 3424
3162 5029
3162 8351
3163 3590
3163 3846
3163 7814
3164 7092
3168 6569
3169 9007
3170 6192
3170 8977
3171 3269
3171 9565
3174 5604
3174 6692
3176 4866
3177 7116
3178 3334
3179 8355
3179 7350
3180 9715
3183 5636
3185 5907
3185 4584
3185 3707
3185 4574
3187 5920
3187 4957
3188 6704
3189 9057
3189 5707
3189 3645
3190 3986
3190 7407
3193 6081
3194 5295
3195 7543
3195 5839
3196 3654
3196 7832
3197 9200
3197 4610
3199 3539
3199 7912
3202 7517
3203 4204
3205 7941
3206 7659
3206 3533
3208 9588
3211 4618
3211 7887
3212 6176
3212 4936
3214 6274
3214 3703
3215 5762
3215 7427
3217 3831
3218 3961
3218 8014
3222 3984
3222 4363
3223 4366
3224 4759
3225 8455
3225 7704
3225 5162
3226 9942
3228 5732
3229 5107
3229 6649
3229 4107
3229 3885
3230 6830
3231 9589
3231 4206
3233 8647
3233 3295
3234 3527
3234 5982
3235 9750
3237 8109
3237 5022
3238 9974
3239 6088
3242 7392
3242 6148
3242 6077
3243 6025
3244 3618
3244 5202
3244 4671
3245 3557
3246 3865
3247 7717
3248 8528
3249 7085
3251 7538
3253 6163
3254 6280
3256 3587
3256 6260
3257 4616
3257 4154
3257 4778
3258 4331
3259 3298
3260 9577
3261 3774
3262 6100
3263 3685
3264 4567
3264 7438
3265 6024
3265 7612
3267 5753
3269 8297
3269 4779
3271 3278
3273 7547
3274 8289
3275 6788
3275 6107
3277 9960
3277 7289
3278 5062
3281 5428
3284 5063
3285 3368
3285 6488
3285 7499
3287 4001
3287 7247
3290 4582
3290 3742
3292 4580
3292 4694
3294 9123
3294 7797
3294 9461
3296 4728
3296 3450
3297 6340
3298 6389
3300 4806
3300 6476
3300 8047
3301 5654
3302 9061
3303 8489
3304 6418
3305 4736
3305 8525
3306 3862
3307 3411
3308 4978
3309 7676
3310 5352
3311 5504
3312 3528
3313 4908
3313 5119
3315 9463
3315 3515
3315 8076
3317 6259
3319 3752
3319 3358
3320 5168
3320 6376
3322 7305
3322 4667
3323 8544
3323 7764
3323 3800
3324 5532
3325 4783
3326 3731
3326 5433
3328 7855
3329 8132
3329 9446
3329 9798
3329 3482
3333 8565
3334 6314
3335 4526
3336 3702
3337 7731
3337 9576
3340 7768
3341 8682
3342 7442
3342 5411
3344 6290
3345 9804
3349 9177
3350 4449
3350 3764
3351 4052
3351 9306
3352 3786
3352 4042
3352 7596
3352 9358
3353 5892
3353 9593
3353 7354
3355 4173
3357 3704
3358 8555
3359 4365
3362 3918
3363 5187
3363 8632
3363 4316
3367 6489
3368 3890
3369 9490
3369 3627
3370 3716
3371 6026
3372 9000
3373 4349
3374 3994
3375 3820
3379 5956
3379 6839
3381 7488
3382 4739
3384 3949
3385 4662
3386 7701
3387 3490
3388 3850
3388 4446
3392 7626
3392 5260
3393 5517
3394 4181
3398 7009
3400 4260
3401 5400
3402 8299
3403 3413
3405 3585
3405 8499
3405 4252
3407 4189
3407 6383
3409 3594
3410 3853
3412 5385
3412 7561
3413 9564
3415 5256
3415 4361
3417 8809
3420 7961
3421 3646
3422 8559
3423 9159
3424 7867
3427 3554
3428 9101
3428 9135
3429 5075
3430 3679
3431 4272
3431 4915
3431 5800
3431 4590
3432 5001
3434 5644
3436 3480
3437 3763
3437 4599
3439 4512
3439 3849
3439 8473
3440 8548
3440 3558
3440 3898
3440 6234
3443 6673
3446 3995
3447 8361
3449 8563
3450 4000
3450 4708
3451 4563
3451 3686
3451 8767
3452 3664
3452 3728
3453 8794
3454 3457
3455 5737
3457 4261
3458 9042
3460 6506
3461 5235
3462 7419
3463 5745
3464 4448
3464 9313
3464 4200
3464 3724
3465 8038
3465 4487
3466 7147
3467 7510
3469 7204
3469 3847
3469 6039
3469 6135
3470 6608
3473 8798
3475 4049
3477 8181
3478 3864
3479 9434
3481 5537
3481 5301
3482 4793
3483 3530
3484 4960
3484 8411
3485 7238
3486 7719
3486 3727
3487 6979
3487 5304
3489 5112
3489 3964
3491 6256
3491 4701
3492 7703
3493 6953
3493 4491
3494 6477
3495 4640
3495 4471
3496 7692
3497 7127
3502 3860
3504 4902
3504 8985
3504 7771
3505 6009
3506 4498
3506 8365
3507 7404
3508 5334
3508 6120
3509 6576
3509 9539
3509 9782
3511 7865
3512 5879
3513 9765
3513 4492
3513 4190
3514 7425
3514 8538
3515 6765
3516 5624
3519 3975
3519 3960
3520 7874
3521 7552
3522 8465
3522 3957
3522 4489
3523 7877
3523 4473
3524 3977
3526 8051
3527 6084
3528 4371
3529 5977
3530 3730
3531 3715
3532 4964
3534 4193
3535 5196
3537 4275
3538 7376
3541 5577
3542 5219
3542 7196
3543 6291
3543 3710
3544 6083
3545 6665
3546 7825
3547 7793
3547 6527
3549 4282
3549 4046
3550 8342
3551 4510
3552 5845
3552 7687
3553 5622
3554 9635
3554 3748
3554 5884
3555 7745
3556 4999
3557 6160
3557 4530
3557 5240
3560 4832
3560 8123
3561 4538
3562 4379
3563 9264
3563 5566
3564 5975
3565 8596
3565 7789
3566 4198
3569 5132
3571 4305
3571 7497
3571 5578
3571 4045
3572 7680
3573 4603
3574 7651
3575 7656
3575 7389
3576 6424
3577 4626
3577 8388
3578 8320
3580 4019
3581 4663
3581 3771
3582 5215
3583 4479
3585 6121
3586 6691
3587 5074
3587 6023
3587 3738
3587 7724
3592 5120
3592 4209
3592 8823
3593 4758
3594 8467
3595 5403
3596 7938
3596 6248
3599 5873
3601 4509
3602 5306
3602 3979
3603 5318
3604 3734
3604 4118
3604 5100
3605 3996
3606 7240
3606 3711
3607 7723
3608 3641
3608 6413
3612 7079
3614 5065
3614 4091
3614 7471
3616 4416
3616 9379
3616 4222
3617 4339
3617 4374
3618 6557
3620 6320
3621 9390
3622 4633
3623 6510
3625 3651
3625 5212
3625 5501
3625 8430
3626 9141
3626 5373
3629 3928
3631 6512
3631 4594
3632 6667
3633 4063
3634 5344
3634 7836
3635 9510
3636 4102
3637 5160
3637 5547
3637 6511
3638 5638
3639 5056
3640 6689
3640 5129
3643 4384
3643 5509
3643 6745
3644 6993
3646 4236
3646 7132
3646 7468
3647 3666
3647 4231
3647 4622
3647 5470
3647 4927
3648 4564
3648 4172
3649 7075
3649 4974
3653 9869
3654 5895
3655 6737
3656 4404
3656 6901
3656 9941
3657 4410
3657 9947
3657 4014
3661 7639
3661 5416
3661 6520
3661 7610
3662 5224
3662 5134
3664 7375
3665 3667
3665 9621
3667 4104
3668 7151
3669 3922
3669 3931
3670 5027
3670 3695
3671 3953
3671 9899
3673 5588
3675 7546
3676 5035
3677 4385
3678 8173
3679 6728
3679 8392
3679 4796
3680 6655
3681 9085
3682 3824
3682 6273
3682 9557
3682 9701
3683 4393
3683 5085
3683 4942
3685 9540
3686 3835
3686 5677
3687 7783
3688 8083
3688 4390
3689 8064
3691 8177
3693 8274
3693 6981
3694 6644
3694 6774
3694 5961
3698 3807
3699 7611
3700 4849
3700 9893
3700 3818
3702 7287
3702 4394
3703 4863
3704 8322
3705 6757
3706 5935
3707 4592
3707 4358
3707 3976
3707 7597
3708 7136
3708 4321
3710 3894
3711 5535
3712 8591
3713 8778
3713 6269
3714 6323
3715 4629
3715 3880
3717 3908
3718 4763
3718 6187
3718 4125
3720 4615
3721 6021
3721 6110
3723 5505
3723 6963
3726 9371
3728 5666
3729 5392
3729 9908
3729 4343
3730 8085
3731 4387
3731 8676
3731 8981
3732 8000
3732 6568
3732 4458
3734 7032
3735 6824
3735 7179
3739 4553
3742 7618
3744 7042
3747 7414
3747 4522
3748 4138
3749 5280
3753 8729
3754 6443
3755 4054
3755 4233
3756 5929
3756 7551
3759 4992
3761 8192
3761 5241
3763 6889
3765 4405
3766 4101
3768 6724
3769 7880
3769 7997
3769 4798
3771 4053
3772 5987
3772 5030
3772 7853
3774 4149
3774 5071
3776 8213
3777 6360
3778 5635
3779 8226
3782 3842
3783 4279
3784 9083
3785 4110
3786 5878
3786 9591
3786 5294
3789 9499
3790 7493
3791 7580
3792 5573
3792 6123
3792 5628
3793 5019
3794 6036
3795 5086
3798 7409
3798 4493
3799 8705
3799 4356
3799 8316
3800 7989
3800 7366
3801 4558
3806 4324
3807 6467
3808 3991
3808 4892
3809 7748
3809 6826
3810 6925
3815 6915
3815 6555
3816 7358
3817 7224
3818 4073
3819 3981
3819 9599
3823 6561
3823 5812
3824 5536
3826 7003
3827 4240
3827 4478
3829 7199
3833 3914
3835 8613
3835 4318
3835 5695
3837 7831
3838 4350
3839 5297
3839 4219
3840 4990
3843 6695
3845 9954
3845 4151
3846 5052
3846 5165
3847 9104
3847 5309
3851 5599
3852 4182
3853 6990
3854 6437
3855 3913
3859 6945
3860 4706
3860 7833
3860 6862
3861 4330
3863 6272
3863 6634
3863 6670
3865 4360
3866 5423
3867 4597
3868 6499
3868 4135
3869 5097
3871 6170
3873 4824
3877 4972
3879 5193
3879 3899
3880 9643
3880 8222
3881 8366
3882 5157
3883 8723
3884 9922
3885 4729
3886 7295
3887 7577
3889 4105
3890 4966
3892 6363
3893 5931
3894 4178
3894 6515
3895 8468
3895 4223
3896 6321
3897 4909
3899 6268
3900 8282
3901 7670
3901 9883
3902 8390
3903 9650
3904 8993
3905 8357
3908 7691
3909 9600
3910 7445
3910 4074
3910 4858
3912 5986
3913 6741
3913 9834
3914 4561
3917 7062
3918 7058
3918 5772
3919 9909
3922 9681
3922 7901
3927 4595
3927 5146
3929 5767
3929 7353
3931 8263
3932 4115
3932 8541
3936 7090
3936 9747
3936 9102
3937 9640
3937 8207
3938 7060
3939 5749
3939 8317
3940 8740
3942 6546
3942 6159
3943 6681
3944 6097
3945 6001
3947 7027
3948 8799
3949 4411
3951 7362
3951 7773
3954 6358
3955 5177
3955 4315
3955 8171
3955 7965
3958 4899
3958 5971
3964 4511
3964 8879
3965 8547
3965 4169
3965 9978
3966 6494
3968 4293
3969 6200
3970 5947
3973 5178
3973 5903
3981 6276
3981 4380
3984 7813
3984 9207
3986 7625
3986 7483
3986 4174
3989 8129
3991 5832
3992 8833
3992 4830
3993 4825
3997 6396
3998 6119
3998 4954
4001 4919
4002 5111
4003 6609
4006 5091
4007 6893
4009 9206
4010 8400
4010 8965
4010 4956
4011 6199
4013 7123
4014 9824
4015 6524
4015 6797
4016 9201
4016 9418
4017 6533
4018 7399
4021 7697
4021 4130
4021 6210
4021 4244
4021 6197
4021 6838
4022 5851
4023 9862
4024 5909
4024 5176
4024 8813
4025 7330
4028 6834
4028 9628
4030 5095
4031 4095
4036 8308
4037 7347
4037 4780
4038 5390
4038 7823
4039 8797
4042 9045
4044 4743
4047 9041
4048 6201
4050 5432
4051 5715
4051 8941
4053 9286
4054 8514
4057 4614
4058 7251
4058 7795
4059 6648
4060 9574
4060 8826
4061 6400
4061 4459
4063 8721
4064 4955
4064 6255
4065 7339
4066 7258
4066 4508
4067 9442
4070 8831
4071 4429
4073 6329
4076 9142
4077 4901
4078 5649
4083 4167
4084 4140
4084 5406
4085 5967
4086 9428
4090 6460
4091 7394
4091 7374
4092 5544
4092 9129
4093 4680
4093 9981
4095 7990
4098 7774
4099 7706
4099 5261
4099 6062
4100 4210
4101 5089
4101 9393
4101 6712
4101 4395
4103 6087
4105 7437
4107 6099
4107 5367
4108 5348
4109 6233
4109 6094
4110 6092
4112 6542
4113 7705
4114 5069
4114 6845
4117 5865
4118 8025
4118 7630
4120 8886
4120 5431
4121 9175
4121 6604
4122 5850
4123 5836
4124 7303
4124 4985
4124 4283
4125 9695
4126 8716
4129 5057
4129 8050
4133 5963
4136 6068
4138 7819
4138 8061
4141 4389
4143 6847
4144 6549
4145 4186
4147 6849
4147 7525
4147 9774
4150 4312
4152 4306
4153 4652
4154 6968
4155 4712
4156 9756
4157 5345
4157 6997
4158 4377
4159 6966
4160 4786
4160 4472
4160 8141
4161 4369
4161 8356
4161 4907
4161 7215
4163 4648
4163 4905
4165 7905
4165 4700
4165 6590
4166 4464
4166 8646
4166 5807
4167 8402
4168 9985
4169 6138
4170 4513
4170 8681
4171 5608
4172 7429
4173 4852
4173 8534
4173 6155
4174 6310
4174 5833
4177 7236
4177 6343
4178 6743
4183 9095
4185 7708
4186 6456
4186 5471
4188 7587
4189 6988
4193 6991
4196 7369
4196 6702
4200 6496
4200 9642
4203 8727
4204 5032
4204 5595
4206 4325
4208 5620
4210 5752
4212 4531
4214 9088
4214 9900
4216 4933
4216 9659
4217 6918
4217 5663
4218 4988
4219 9688
4220 7585
4222 4608
4222 5457
4222 5394
4222 7228
4223 9265
4223 5610
4223 7115
4223 7150
4224 8746
4225 5147
4226 7897
4227 5136
4227 5611
4228 9386
4230 5926
4230 7718
4230 7131
4232 5841
4232 5407
4233 4809
4233 9053
4234 4971
4234 5499
4234 9502
4235 5365
4235 8776
4235 5004
4236 7560
4236 6575
4239 7072
4242 9686
4244 5764
4244 9528
4244 8414
4253 8463
4254 7182
4256 7137
4256 7988
4257 6742
4258 7201
4259 8302
4260 5586
4261 8466
4261 5491
4262 4277
4262 5973
4264 4548
4266 7444
4267 5072
4267 5181
4268 5024
4269 5996
4270 5633
4270 8775
4273 4789
4278 5911
4278 7087
4279 6559
4281 9473
4281 6361
4283 4854
4284 6241
4289 6150
4289 5039
4290 6318
4290 6910
4292 7263
4293 7686
4296 5286
4296 8764
4300 4536
4300 8828
4301 4800
4303 5725
4305 5849
4306 4601
4309 6699
4309 5469
4310 7055
4314 5906
4314 7321
4315 6640
4315 7163
4315 8397
4316 4838
4316 6478
4318 4692
4318 5397
4318 6007
4319 5040
4319 4982
4319 9855
4320 7317
4321 4770
4321 5960
4322 4788
4323 4713
4323 5053
4325 6116
4326 9456
4326 8182
4327 9513
4328 8352
4328 5208
4328 8761
4328 4717
4329 6769
4329 4441
4329 4540
4330 5765
4335 5883
4337 7762
4337 6174
4338 5781
4339 7521
4340 5467
4341 7811
4344 8997
4345 4738
4347 5335
4348 9218
4349 6875
4352 4583
4353 6208
4354 7200
4354 5806
4355 6761
4355 7433
4357 5985
4357 5858
4358 6090
4361 6117
4361 6431
4363 9986
4363 8837
4364 5434
4365 6371
4365 5326
4367 5584
4368 7506
4369 4546
4369 7749
4370 8843
4371 8595
4372 7111
4374 9152
4374 4774
4375 4850
4375 8550
4376 7544
4379 6352
4379 5272
4386 8770
4387 8127
4390 5082
4390 7677
4392 6041
4393 8138
4397 5921
4398 8666
4400 8375
4401 9832
4402 9598
4406 4726
4407 8387
4408 8807
4409 8688
4410 9012
4410 7435
4411 8008
4413 9568
4414 8241
4418 7026
4419 8153
4419 7582
4423 8718
4425 4483
4425 9268
4426 5882
4428 9172
4429 6305
4432 7690
4432 9182
4433 5172
4433 5724
4433 6254
4435 7994
4438 5050
4438 5245
4440 7360
4440 7398
4442 7202
4443 6435
4445 5045
4448 8099
4448 4504
4449 6672
4449 7619
4449 7654
4449 8846
4450 7312
4451 8896
4451 9904
4452 7752
4453 7884
4455 8819
4455 9226
4458 8894
4459 4676
4461 9291
4462 4494
4464 5819
4465 9735
4466 6560
4467 8574
4467 8015
4468 8321
4470 9561
4471 4532
4471 6463
4472 6816
4473 6240
4473 6185
4477 5820
4479 4481
4479 4609
4481 8276
4483 9468
4484 7114
4485 7327
4486 5113
4486 6042
4487 6445
4490 4772
4491 4861
4492 9383
4493 4740
4495 4560
4495 8664
4497 5158
4501 8353
4501 8899
4501 6522
4501 6027
4502 8082
4502 8782
4502 4639
4503 9622
4506 6448
4506 9216
4506 6820
4508 7329
4510 6279
4511 8220
4513 9166
4514 8792
4514 9323
4515 7073
4515 8501
4516 5363
4518 4835
4520 5346
4521 9740
4522 5582
4523 6592
4529 5728
4529 7672
4529 5036
4530 9248
4531 5605
4531 4653
4532 7456
4532 7817
4533 7373
4535 6245
4536 4813
4537 8569
4537 7086
4539 5255
4542 7002
4545 5237
4549 7975
4550 5186
4552 9271
4555 8449
4557 8412
4559 4946
4559 7302
4560 9763
4560 6313
4564 7077
4567 7698
4567 8095
4569 7891
4569 7803
4570 6751
4572 7983
4573 4684
4574 7044
4574 8984
4576 7040
4578 7291
4579 5174
4580 6165
4580 6635
4581 4665
4582 7162
4584 5017
4584 4733
4585 8333
4589 6888
4590 9515
4591 4879
4594 6585
4595 6668
4596 4628
4596 9911
4596 7134
4597 8860
4598 7616
4600 6678
4601 6404
4602 8580
4603 4730
4603 8479
4604 6306
4608 9977
4608 6970
4609 7953
4609 4855
4611 8868
4614 7378
4614 9199
4615 6421
4617 5213
4618 7052
4618 9677
4619 8785
4621 9880
4622 8422
4623 8290
4624 5257
4625 9971
4628 5281
4629 7243
4630 8983
4631 4829
4632 5268
4635 4903
4635 7146
4636 7176
4637 5204
4640 5990
4642 6482
4643 8265
4645 6632
4645 9838
4646 5988
4647 4997
4647 7916
4648 9143
4649 5179
4650 8017
4654 9325
4655 7899
4655 5068
4657 4792
4657 6362
4659 6420
4661 4797
4662 6596
4662 9460
4666 5867
4672 7422
4672 6815
4673 5904
4673 4831
4676 7664
4677 7054
4679 5889
4679 4776
4684 4817
4684 7902
4687 5860
4688 6426
4689 5607
4690 4761
4690 5593
4691 9026
4691 5220
4692 6992
4693 6339
4693 5401
4695 9660
4696 5316
4697 9036
4699 8334
4700 6207
4711 5375
4711 7439
4715 7591
4717 6723
4717 9454
4718 8354
4718 8651
4719 6145
4719 6739
4719 7720
4720 7335
4724 7918
4725 9757
4728 8087
4729 8116
4732 9732
4733 5955
4734 4894
4735 8229
4736 5409
4736 7342
4737 8232
4739 6275
4741 8146
4742 6391
4743 5918
4744 4973
4745 9795
4746 9185
4747 5590
4750 5886
4751 5021
4754 7001
4754 9273
4755 9728
4756 8005
4757 7109
4758 5796
4758 8244
4759 8942
4761 6000
4761 9619
4763 4961
4763 9716
4764 6411
4766 6833
4766 6230
4766 5276
4767 8439
4767 9817
4770 7298
4771 9919
4773 5791
4777 7225
4780 5701
4785 8554
4787 6297
4788 7269
4789 7929
4791 5776
4792 6133
4792 9212
4792 6351
4793 9065
4793 6669
4793 5583
4796 7643
4798 8959
4799 5006
4801 9852
4804 8238
4805 7959
4808 5585
4808 6930
4809 9796
4811 5958
4813 9192
4813 5901
4814 9684
4814 4822
4814 5420
4816 4898
4820 5793
4824 4913
4824 9030
4824 6554
4825 8933
4825 8310
4826 6860
4826 6718
4826 9055
4827 5077
4827 6378
4827 8575
4828 7511
4828 8410
4828 8158
4831 5948
4831 6540
4832 8223
4833 4897
4834 8609
4835 5545
4835 9481
4836 7474
4836 8887
4837 9618
4837 8235
4838 5446
4839 8877
4841 5093
4841 9898
4841 5660
4842 5131
4842 9277
4845 9744
4845 7011
4845 7876
4846 6319
4847 6914
4847 5828
4848 6350
4849 5450
4850 5379
4850 8627
4851 5333
4855 5154
4856 8969
4856 6300
4857 9148
4860 9060
4860 5418
4860 9230
4864 5758
4865 7617
4867 5756
4867 5775
4872 6852
4873 5061
4876 9156
4877 6066
4878 6206
4881 4886
4883 6369
4887 8533
4887 6364
4887 6508
4891 7475
4892 9369
4892 7549
4893 8178
4894 7861
4898 9215
4900 8730
4901 5740
4902 5511
4903 9802
4903 7500
4904 9800
4906 9365
4908 7926
4908 8218
4908 6748
4910 8432
4910 6169
4910 5197
4912 8179
4913 5572
4914 7424
4915 6688
4918 5161
4919 7016
4919 5324
4921 7383
4922 7631
4923 7322
4924 6550
4925 6616
4926 5354
4927 5300
4928 6880
4930 5733
4931 5251
4931 6730
4931 7066
4931 7802
4931 8891
4934 5262
4935 5905
4935 7426
4935 5924
4937 6177
4942 9992
4943 6468
4945 9389
4946 6372
4948 5153
4949 5869
4949 7023
4950 7239
4951 9024
4951 5787
4952 8780
4953 5031
4954 7576
4956 5763
4956 5678
4960 5171
4961 8048
4961 7629
4962 5734
4962 9350
4962 9081
4964 8176
4965 8079
4966 6863
4970 9099
4970 7790
4972 6844
4973 7917
4974 5813
4975 5825
4975 5356
4977 6069
4981 5441
4981 6439
4981 6541
4984 9056
4985 5626
4986 7588
4986 7679
4987 6381
4988 9043
4988 6958
4991 9144
4992 8493
4993 9872
4997 8498
4998 9590
4998 5370
5000 6010
5004 8451
5004 6238
5005 6768
5005 9355
5006 9046
5006 9373
5008 8803
5008 9779
5008 5486
5013 6286
5014 8157
5015 7601
5017 8198
5018 8054
5019 8195
5019 7180
5020 6919
5021 8806
5025 8571
5029 8184
5029 9944
5033 5808
5034 5789
5036 5716
5036 8100
5036 8093
5036 7919
5039 6708
5042 6825
5045 6601
5046 5185
5047 7071
5049 8610
5050 7508
5051 7418
5052 7314
5052 8691
5052 6986
5052 5437
5053 5896
5054 5795
5060 7556
5060 6151
5060 9352
5060 5372
5061 9018
5063 6394
5067 9244
5068 7780
5068 6807
5068 8457
5072 8713
5075 6454
5076 8291
5077 8661
5077 7130
5078 7184
5079 8224
5079 6033
5079 9028
5079 9558
5079 9197
5080 6586
5081 5539
5081 9354
5083 7640
5083 7099
5084 8190
5085 8817
5085 6267
5087 6753
5089 5908
5089 8236
5089 5230
5092 7393
5096 9927
5097 7301
5097 5246
5098 5105
5098 5972
5100 6146
5100 6770
5100 6636
5101 7991
5101 7161
5103 5263
5104 8858
5104 9342
5105 6086
5105 8296
5110 5296
5112 5410
5112 6854
5113 6223
5114 9100
5115 5840
5116 6249
5119 6625
5120 5568
5125 9847
5125 6570
5129 6184
5129 7727
5130 7020
5131 7348
5134 7572
5134 8582
5136 6461
5141 8470
5142 6417
5143 5602
5143 5659
5145 8381
5147 9680
5147 7976
5148 6980
5149 6976
5149 6578
5149 5880
5151 7337
5152 6277
5152 7532
5152 8415
5154 5827
5155 5513
5155 5771
5156 6444
5159 8193
5159 5684
5159 6952
5159 5453
5159 8542
5161 6700
5163 8420
5165 7943
5166 7029
5168 9091
5168 6879
5171 7336
5172 8677
5172 7518
5173 5415
5174 9339
5174 9979
5174 6525
5175 8734
5178 5937
5178 5267
5178 7843
5178 8743
5179 8593
5181 6225
5181 7406
5184 5612
5184 6412
5184 5598
5184 5694
5186 5461
5186 6937
5186 5902
5190 9228
5191 5440
5192 5402
5192 5662
5198 7671
5198 8395
5198 7388
5199 9675
5206 6486
5207 5890
5208 7257
5208 6011
5209 5814
5211 8599
5214 5497
5217 7742
5220 9120
5221 7910
5224 7875
5224 8159
5231 7512
5231 6109
5232 9758
5233 7473
5234 6615
5235 8434
5239 7805
5242 6053
5244 9187
5251 7605
5252 5275
5256 7645
5257 6829
5260 7669
5264 5592
5265 7593
5267 6128
5267 6848
5267 9973
5267 6239
5269 9124
5272 8573
5274 8166
5275 7125
5279 7461
5284 6236
5286 8230
5290 8309
5290 9198
5293 5399
5296 6335
5297 6032
5299 5464
5300 6985
5303 8035
5304 6810
5307 6928
5309 9610
5309 9805
5310 6903
5310 6043
5310 5980
5311 7211
5313 8167
5315 9711
5319 7019
5320 8852
5321 5669
5323 7255
5324 5870
5325 8139
5327 7609
5333 5714
5334 5485
5335 6136
5335 6858
5337 6855
5338 9121
5343 7355
5344 8042
5346 5875
5347 8034
5348 5978
5348 6747
5353 9530
5353 9707
5354 8998
5355 5864
5359 7758
5359 9614
5361 6994
5361 7207
5365 8835
5365 7725
5366 9548
5367 6074
5368 9392
5368 6717
5372 6325
5374 5831
5376 8702
5379 6487
5380 9571
5380 8885
5380 7174
5382 6198
5382 5647
5385 5810
5387 5993
5387 7198
5388 8201
5388 6058
5389 8947
5390 6758
5391 9788
5392 5692
5398 7144
5403 5817
5404 5521
5407 9476
5408 5824
5408 5913
5410 9008
5410 7541
5410 7928
5411 8893
5413 5751
5413 5454
5415 9275
5416 9901
5417 5597
5422 7091
5424 9236
5426 7942
5429 8341
5431 8898
5432 7241
5434 9114
5435 9664
5437 9958
5438 9537
5440 6949
5440 6877
5442 5540
5445 8018
5452 6243
5452 6907
5457 5527
5459 7286
5461 7569
5461 7227
5463 7283
5464 7906
5464 7357
5465 9888
5465 6947
5469 9288
5470 5782
5471 5900
5472 8577
5475 6912
5477 7872
5479 8801
5479 5818
5485 9412
5487 5940
5488 6920
5488 9295
5495 9857
5499 6721
5499 9987
5500 5898
5500 5962
5501 6972
5505 8747
5505 7278
5509 5797
5513 6216
5516 9546
5517 9380
5519 6982
5522 8856
5524 6189
5525 8036
5526 9205
5526 9717
5526 6701
5527 7173
5528 9300
5530 9168
5533 5670
5535 6302
5536 9969
5537 7172
5542 6564
5542 6749
5543 7750
5543 6045
5544 6613
5546 7555
5549 6995
5549 5688
5554 9525
5554 5656
5554 6891
5554 8589
5555 6357
5559 8631
5559 6204
5560 8502
5560 6780
5560 8046
5565 7084
5568 5862
5570 6766
5571 6337
5573 6246
5573 5854
5575 8102
5578 5779
5579 9845
5584 6459
5586 8876
5589 5784
5591 8615
5593 8225
5595 6883
5597 7024
5600 7695
5601 7845
5601 6031
5603 9603
5603 6892
5605 6002
5606 6384
5606 6327
5607 8275
5614 8914
5615 9602
5616 6881
5616 6054
5616 6441
5618 9034
5619 9806
5620 7153
5623 7777
5626 6173
5627 9110
5632 7110
5635 6312
5635 6078
5636 6874
5638 6573
5642 6422
5643 7359
5646 8424
5647 8378
5647 6348
5648 7081
5648 6475
5648 9356
5649 6284
5650 9863
5652 8447
5653 6336
5655 6270
5656 5691
5660 9009
5660 6535
5660 7565
5661 9333
5663 5838
5664 9713
5666 7371
5668 6212
5668 7614
5669 6707
5669 6132
5671 8690
5671 5866
5672 6079
5674 6307
5675 8314
5676 6645
5678 9075
5678 8485
5679 8659
5685 9877
5686 8001
5687 9913
5688 5981
5689 6682
5691 6500
5693 6347
5694 6588
5696 8855
5696 6428
5698 9438
5700 7276
5701 8002
5702 7958
5703 6606
5713 7558
5717 6029
5718 7650
5718 8620
5719 9319
5720 8987
5721 7770
5722 8280
5723 7713
5726 8674
5726 8203
5727 8474
5729 6147
5732 9247
5736 5945
5739 8118
5741 9554
5742 8906
5743 7682
5744 7860
5745 7649
5746 6419
5747 9998
5749 8362
5750 7253
5752 7012
5752 7252
5754 6931
5754 7828
5755 6295
5755 7693
5756 6593
5760 8105
5760 9196
5763 7903
5765 6089
5767 6983
5767 8872
5768 6579
5769 7895
5769 6219
5771 9126
5772 7592
5773 6659
5774 6572
5779 9936
5779 5859
5780 5897
5781 7516
5782 9050
5782 8175
5783 7316
5785 9214
5787 8672
5788 7904
5788 9240
5788 8970
5791 8055
5793 7866
5793 8094
5799 9111
5801 6375
5804 6141
5807 8016
5810 9994
5812 7604
5814 6178
5814 6386
5814 6377
5817 9069
5818 8126
5819 8374
5820 5966
5821 6946
5821 8148
5823 9505
5828 6916
5828 6732
5830 6639
5837 6869
5838 6193
5844 9902
5847 8446
5849 9753
5850 8640
5850 8382
5851 8454
5852 6800
5857 6951
5858 6661
5859 6727
5862 8709
5864 5877
5865 8558
5872 7924
5875 9353
5875 7756
5875 7423
5876 8450
5878 9658
5879 7408
5879 8250
5880 6142
5882 7262
5884 6822
5885 7957
5885 8040
5887 8386
5889 9472
5889 8037
5889 7454
5890 6610
5890 6842
5893 9058
5893 8829
5894 5952
5894 9039
5895 9937
5895 9689
5897 6303
5904 7863
5906 8081
5910 6432
5910 8013
5918 8539
5920 7981
5927 6356
5929 6271
5929 9903
5935 8890
5943 8949
5943 6886
5949 7449
5950 7364
5950 7972
5954 6122
5958 6485
5959 9575
5960 6528
5961 6076
5963 9729
5965 8516
5965 6457
5966 6922
5966 8253
5968 6882
5968 6729
5968 6650
5970 6080
5970 6143
5971 8895
5973 9413
5973 7246
5978 8758
5979 6836
5979 6281
5981 9632
5983 8931
5983 6390
5985 7265
5988 7952
5990 8936
5993 7192
5996 7613
5998 9272
5999 6662
5999 9374
6000 9648
6001 8737
6002 8700
6006 9661
6008 6498
6009 7063
6009 6909
6011 7600
6014 8583
6015 7761
6017 8707
6017 9082
6021 9761
6022 6258
6023 8233
6029 6044
6030 8870
6031 7540
6031 7402
6037 6989
6039 8261
6039 6873
6040 6112
6043 8678
6047 8409
6048 6971
6049 6828
6055 6746
6056 8603
6058 7189
6060 6720
6060 8255
6061 7113
6064 8188
6065 6215
6065 9930
6066 9636
6067 8098
6071 7753
6074 6507
6076 6513
6078 8445
6080 6571
6084 9011
6085 9070
6088 7028
6093 9609
6094 9229
6095 7980
6095 9084
6096 7443
6098 7539
6101 7856
6101 9488
6102 6998
6103 9518
6104 9777
6104 8066
6104 8756
6104 7557
6104 7820
6105 6171
6106 8143
6110 9301
6110 9629
6113 7387
6117 7095
6117 8460
6126 6465
6127 8090
6131 6959
6132 7599
6136 8049
6141 7632
6143 9130
6143 7501
6143 6495
6144 6706
6146 7469
6147 9037
6150 9549
6151 9469
6152 7889
6152 8398
6153 9879
6153 8062
6156 8744
6157 9999
6158 6407
6159 6247
6162 8039
6163 7781
6168 6526
6171 9762
6174 6935
6175 7034
6177 6778
6177 6251
6180 9480
6181 8283
6183 9077
6186 9139
6188 7064
6191 8151
6193 7205
6195 6490
6197 7721
6197 7436
6199 8270
6203 9516
6212 7267
6212 7097
6217 9772
6220 8618
6222 7273
6223 6654
6225 8598
6227 9314
6228 8369
6229 8515
6229 8772
6230 7142
6230 8857
6231 6656
6231 6315
6232 6929
6232 8106
6233 9331
6233 6812
6239 9377
6239 9932
6242 9318
6242 8331
6244 6938
6253 8791
6255 9162
6256 9858
6257 6633
6259 6714
6259 7100
6260 9328
6260 8788
6261 8586
6269 9928
6270 7237
6274 6954
6275 6434
6277 7223
6277 7502
6279 8733
6280 7644
6281 8996
6281 9652
6281 7925
6286 8654
6287 9754
6288 6703
6291 6333
6296 8115
6296 8686
6297 7328
6298 9005
6301 8204
6301 9615
6305 7840
6305 6388
6305 8426
6306 9794
6307 6675
6310 8611
6311 8842
6313 8373
6313 7244
6316 8585
6320 9153
6322 7390
6323 7017
6325 6773
6329 7709
6331 9964
6333 8531
6334 6605
6335 6960
6340 7248
6340 7778
6341 8135
6350 9250
6351 9533
6354 6798
6356 8789
6356 6379
6357 7655
6359 6832
6359 9038
6363 6630
6365 9419
6366 8643
6369 6382
6370 9094
6376 9807
6377 8368
6378 9498
6381 7464
6382 9171
6383 7841
6385 7368
6393 9924
6398 7736
6404 7260
6405 6817
6413 7667
6414 8058
6416 6618
6417 7984
6418 8844
6420 8679
6425 7338
6428 7170
6430 6671
6432 8825
6432 7310
6433 7226
6438 9850
6439 7351
6440 8973
6442 7320
6444 7826
6448 9697
6449 7126
6452 7529
6454 9923
6454 8845
6454 9133
6463 8033
6467 8714
6469 8512
6469 8594
6469 8068
6474 9889
6477 9435
6478 8380
6478 8556
6479 8272
6482 7000
6482 8491
6484 6580
6487 7714
6490 9535
6493 9876
6493 7254
6493 6905
6497 6801
6499 9394
6499 8060
6501 7290
6502 9105
6505 8161
6514 7220
6515 8637
6518 7477
6519 8722
6521 9914
6522 8543
6527 8404
6528 9462
6529 8910
6531 9017
6533 9503
6534 9663
6541 7784
6543 7829
6544 8751
6545 8724
6546 9076
6547 9128
6549 6771
6549 8119
6549 9453
6551 8777
6555 8735
6556 6763
6561 9194
6562 9870
6565 9768
6566 7637
6566 8508
6570 9881
6574 9792
6575 7852
6576 8259
6576 6614
6577 7183
6578 7326
6580 7660
6580 9276
6582 6643
6584 8986
6585 7740
6586 7463
6587 8117
6589 7274
6593 9093
6593 9183
6594 8091
6604 8258
6604 6628
6604 8892
6605 7674
6607 9990
6611 8793
6613 8344
6616 8003
6619 7285
6620 9031
6621 9370
6626 7155
6627 9098
6629 6652
6635 8699
6636 9627
6639 6796
6641 8680
6642 9522
6643 9408
6644 7417
6648 9146
6652 8285
6655 6917
6657 6934
6660 8869
6660 7772
6665 8114
6666 8419
6666 7381
6669 7955
6670 7652
6671 7230
6673 9439
6680 7047
6681 7120
6681 9127
6688 6894
6690 9002
6692 7128
6694 9449
6695 8243
6695 7851
6696 7458
6696 6835
6697 8487
6698 8183
6702 9887
6704 7059
6707 6896
6707 9260
6708 6713
6718 8572
6718 8237
6720 9752
6721 9494
6721 9019
6721 9421
6725 7465
6728 9344
6731 8660
6735 7396
6735 9149
6737 9387
6737 9678
6741 9691
6741 9550
6745 9071
6748 8266
6749 8231
6749 7323
6750 9227
6770 8021
6773 7304
6774 8251
6777 7962
6780 9351
6785 8924
6788 9726
6789 8500
6794 9087
6798 9131
6799 7124
6800 7022
6801 8418
6801 7834
6803 8313
6804 7702
6804 8300
6807 9164
6813 9160
6816 7030
6816 7101
6822 9767
6832 9223
6834 9742
6836 9566
6839 6974
6842 8305
6842 9542
6843 9367
6845 9955
6851 8930
6853 9861
6853 8343
6853 6941
6855 9233
6872 7076
6874 8745
6886 8416
6886 8864
6887 9253
6888 8443
6891 9079
6897 8908
6897 9436
6899 8494
6904 8703
6906 7767
6909 7325
6910 8650
6911 7807
6915 8507
6921 8916
6921 9493
6923 9391
6928 7954
6929 8900
6932 8359
6933 7365
6935 8749
6938 7400
6938 8568
6943 8408
6943 9455
6946 9631
6949 8084
6950 9429
6953 8545
6954 8248
6954 8271
6957 8364
6958 8063
6960 7799
6961 7779
6963 9457
6964 7188
6966 8808
6968 7214
6970 7970
6972 8527
6972 8927
6982 9290
6986 7311
6991 7821
6993 9357
6995 7410
6997 8028
7005 7194
7007 9396
7008 8247
7008 7448
7010 8396
7012 9035
7015 7646
7019 7862
7020 8385
7021 8802
7021 7523
7030 9968
7033 9989
7037 7822
7039 9839
7040 7352
7041 8779
7045 9785
7048 9959
7057 9580
7059 8019
7066 8719
7070 8107
7070 7615
7073 8495
7080 9555
7083 8913
7084 7088
7089 9836
7090 7844
7090 9016
7098 7372
7102 9464
7104 7900
7109 8335
7111 7566
7117 9256
7122 9410
7123 9021
7127 7849
7127 7934
7132 8399
7133 8162
7133 9170
7134 8156
7135 8323
7135 8921
7136 8504
7139 7922
7143 8482
7143 9970
7154 8608
7164 7331
7167 8488
7168 8196
7169 7886
7173 7563
7177 7722
7177 7533
7180 8428
7183 7268
7183 9402
7185 9245
7188 8045
7189 7489
7199 8256
7206 7222
7206 7479
7207 7367
7207 7343
7208 7487
7208 9231
7217 8748
7221 8805
7226 8951
7232 7871
7239 8978
7239 8863
7244 9167
7253 9020
7253 8815
7260 7633
7263 8160
7264 8006
7264 7930
7267 8665
7268 9988
7272 8720
7273 8142
7275 8795
7279 9411
7284 8619
7285 9497
7288 8170
7291 7935
7296 8088
7299 7397
7304 8376
7310 7798
7312 9122
7327 9570
7330 8130
7331 9821
7336 8145
7337 8889
7338 7457
7340 8065
7342 8839
7342 7642
7345 7514
7345 7964
7348 9874
7348 9445
7350 8980
7352 8480
7358 9723
7360 8326
7361 9443
7362 7595
7365 7504
7370 7963
7374 9385
7375 8459
7379 8655
7383 9727
7385 8056
7387 8217
7395 7440
7396 8332
7397 9773
7400 9492
7402 9401
7404 8530
7408 9360
7413 7741
7415 8975
7417 8804
7421 7581
7428 9330
7434 9748
7438 7450
7439 9400
7458 7515
7460 8623
7466 9257
7466 9305
7467 8517
7468 7472
7469 9563
7481 9190
7499 9321
7501 9801
7502 7634
7504 9696
7506 9829
7508 8706
7510 9625
7513 8982
7521 7657
7524 8031
7527 8053
7531 7842
7536 9478
7541 7715
7542 7685
7545 8738
7546 8149
7548 8904
7558 7700
7562 7908
7568 8092
7572 8644
7577 9447
7590 8765
7605 8536
7608 9329
7608 8363
7609 8768
7610 9006
7611 9966
7615 8394
7622 8242
7624 9118
7627 9309
7628 9569
7630 9296
7633 9363
7640 8172
7641 8629
7643 8032
7648 9578
7649 8866
7651 7675
7655 7765
7665 8972
7669 9703
7676 8029
7680 8564
7686 7747
7692 8120
7697 8728
7708 8288
7712 8234
7714 9184
7717 8490
7725 9311
7726 8604
7727 9220
7727 9336
7730 7987
7730 8483
7737 8074
7742 8347
7747 9266
7750 9781
7750 9787
7752 9878
7753 8144
7754 8994
7760 7956
7763 7818
7767 8072
7775 9287
7776 8437
7776 9495
7776 7801
7779 8212
7779 7847
7779 9165
7783 8069
7784 7973
7787 8578
7790 8689
7801 9946
7804 8625
7806 9441
7809 9080
7815 8431
7836 9527
7837 8440
7858 7993
7867 9500
7869 9667
7874 8553
7876 8337
7885 9683
7885 9193
7885 8955
7896 8848
7896 8742
7898 9397
7899 8784
7902 8147
7903 9538
7910 8759
7911 8128
7916 8360
7918 8820
7920 9935
7929 9894
7929 9975
7936 8075
7952 9072
7960 8929
7964 8821
7972 9113
7978 8286
7982 9278
7988 8622
7990 9312
7995 8108
7996 9837
8008 8704
8009 9886
8012 9420
8029 8425
8032 8656
8045 8210
8053 8774
8074 8854
8086 8260
8087 8478
8099 8614
8099 8441
8102 9222
8103 8584
8105 8818
8106 9739
8107 8257
8109 8186
8120 8962
8122 8348
8140 9279
8141 8867
8142 9933
8143 9623
8143 9993
8145 9778
8150 9297
8160 8853
8165 9822
8168 8874
8183 8407
8188 9375
8198 9672
8199 9934
8202 8695
8202 9423
8232 9512
8243 9096
8244 9440
8250 9808
8251 9720
8253 9269
8253 9509
8255 8903
8266 8312
8277 8771
8287 8642
8288 8301
8290 8919
8309 9097
8313 8587
8321 8389
8321 8393
8324 9995
8336 9405
8338 9709
8341 9326
8345 8519
8360 8471
8366 9544
8371 8612
8381 8601
8389 9517
8390 9188
8393 9293
8411 8753
8412 8840
8422 9665
8422 9303
8427 9458
8433 9579
8433 9551
8436 9125
8442 9255
8472 8675
8477 9424
8482 9155
8486 8732
8486 8781
8487 9014
8493 9746
8493 9607
8497 9485
8510 8990
8511 9718
8522 8696
8530 9536
8543 9982
8562 9294
8579 9884
8586 9873
8596 9470
8602 9307
8607 9633
8608 9586
8612 9320
8612 9961
8614 9471
8615 9552
8616 8849
8623 9504
8623 9885
8625 9364
8628 9604
8629 9023
8634 9221
8638 9620
8640 9843
8653 9572
8655 9345
8656 9414
8674 9997
8684 9203
8689 8773
8706 8786
8710 9573
8736 9280
8742 9427
8745 9033
8746 9054
8756 8911
8763 8838
8769 9725
8777 8926
8793 9963
8799 9531
8809 9730
8814 8964
8818 9547
8822 9741
8835 9132
8836 9813
8841 9382
8854 9760
8856 9705
8861 9475
8896 9381
8901 9225
8920 9594
8926 9158
8935 9426
8944 9612
8990 9581
9001 9145
9024 9415
9040 9315
9047 9605
9051 9422
9052 9317
9060 9733
9070 9891
9091 9784
9096 9186
9099 9210
9105 9384
9107 9655
9124 9793
9129 9299
9156 9721
9157 9803
9163 9597
9169 9234
9175 9749
9195 9856
9195 9606
9203 9724
9235 9719
9242 9789
9246 9482
9258 9702
9270 9526
9271 9912
9280 9846
9284 9864
9294 9780
9331 9875
9338 9676
9354 9840
9357 9496
9372 9651
9387 9950
9391 9905
9391 9759
9423 9842
9429 9833
9569 9953
9649 9826
9755 9871
9772 9938
9779 9799
9801 9917
9825 9983
